-0.258819 312.574138 0.802217 0.0
-0.260926 302.074098 0.810478 0.008333
-0.263031 291.784122 0.808747 0.016667
-0.265135 277.06917 0.791727 0.025
-0.267238 255.259114 0.771797 0.033333
-0.26934 226.556752 0.755496 0.041667
-0.27144 193.939651 0.740106 0.05
-0.27354 162.136654 0.723077 0.058333
-0.275637 136.092134 0.710321 0.066667
-0.277734 114.549531 0.711351 0.075
-0.279829 126.35273 0.704538 0.083333
-0.281923 160.969894 0.689011 0.091667
-0.284015 192.839355 0.675968 0.1
-0.286106 203.110948 0.674568 0.108333
-0.288196 185.14361 0.655156 0.116667
-0.290285 147.968413 0.569389 0.125
-0.292372 112.015531 0.415596 0.133333
-0.294457 97.509591 0.270223 0.141667
-0.296542 115.448378 0.222393 0.15
-0.298624 159.727973 0.245814 0.158333
-0.300706 201.737376 0.253441 0.166667
-0.302786 207.763945 0.231974 0.175
-0.304864 171.99782 0.207249 0.183333
-0.306941 121.007616 0.207501 0.191667
-0.309017 85.819954 0.206881 0.2
-0.311091 81.546202 0.201042 0.208333
-0.313164 107.654502 0.194085 0.216667
-0.315235 155.170327 0.19243 0.225
-0.317305 212.647425 0.188808 0.233333
-0.319373 268.929402 0.186475 0.241667
-0.321439 313.645228 0.188465 0.25
-0.323505 337.494837 0.18908 0.258333
-0.325568 332.717446 0.186969 0.266667
-0.32763 295.251647 0.186727 0.275
-0.329691 231.24907 0.182817 0.283333
-0.33175 161.222292 0.174532 0.291667
-0.333807 109.084424 0.173298 0.3
-0.335863 84.550315 0.173608 0.308333
-0.337917 81.327497 0.162455 0.316667
-0.339969 88.833397 0.142108 0.325
-0.34202 98.9997 0.123524 0.333333
-0.344069 106.038413 0.125166 0.341667
-0.346117 107.227143 0.126943 0.35
-0.348163 104.961642 0.109639 0.358333
-0.350207 105.261531 0.10392 0.366667
-0.35225 111.303566 0.111241 0.375
-0.354291 119.139749 0.130275 0.383333
-0.35633 124.264341 0.151761 0.391667
-0.358368 128.928995 0.174479 0.4
-0.360404 137.048666 0.194149 0.408333
-0.362438 150.810052 0.20023 0.416667
-0.36447 177.729611 0.204381 0.425
-0.366501 228.770722 0.208557 0.433333
-0.36853 302.907754 0.211349 0.441667
-0.370557 380.58693 0.213901 0.45
-0.372583 438.052693 0.222949 0.458333
-0.374607 465.714731 0.220837 0.466667
-0.376629 470.630538 0.215719 0.475
-0.378649 466.529014 0.209375 0.483333
-0.380667 464.190737 0.197252 0.491667
-0.382683 466.352611 0.20887 0.5
-0.384698 467.406189 0.291073 0.508333
-0.386711 456.69064 0.397782 0.516667
-0.388722 422.916735 0.466818 0.525
-0.390731 364.428334 0.506753 0.533333
-0.392738 306.466888 0.51943 0.541667
-0.394744 300.535794 0.517714 0.55
-0.396747 383.207841 0.543978 0.558333
-0.398749 531.471372 0.553669 0.566667
-0.400749 678.21708 0.547763 0.575
-0.402747 772.82205 0.546068 0.583333
-0.404743 810.271492 0.545191 0.591667
-0.406737 809.951674 0.544313 0.6
-0.408729 786.438141 0.546715 0.608333
-0.410719 739.634303 0.561059 0.616667
-0.412707 663.826719 0.586355 0.625
-0.414693 563.233733 0.631075 0.633333
-0.416677 456.05863 0.676506 0.641667
-0.41866 363.849697 0.716304 0.65
-0.42064 299.119462 0.751925 0.658333
-0.422618 256.614636 0.770337 0.666667
-0.424595 215.043662 0.751904 0.675
-0.426569 158.121943 0.687784 0.683333
-0.428541 93.583788 0.610288 0.691667
-0.430511 42.308925 0.522155 0.7
-0.432479 14.182691 0.44743 0.708333
-0.434445 3.464195 0.424864 0.716667
-0.436409 0.609968 0.434197 0.725
-0.438371 0.076893 0.442294 0.733333
-0.440331 0.006908 0.428323 0.741667
-0.442289 0.000441 0.402811 0.75
-0.444244 2e-05 0.362173 0.758333
-0.446198 0.0 0.302493 0.766667
-0.448149 0.0 0.229378 0.775
-0.450098 0.0 0.175655 0.783333
-0.452046 0.0 0.144572 0.791667
-0.45399 0.0 0.136795 0.8
-0.455933 0.0 0.134483 0.808333
-0.457874 0.0 0.131151 0.816667
-0.459812 0.0 0.140418 0.825
-0.461749 0.0 0.194292 0.833333
-0.463683 0.0 0.191232 0.841667
-0.465615 0.0 0.21911 0.85
-0.467544 0.0 0.303209 0.858333
-0.469472 0.0 0.3854 0.866667
-0.471397 4e-06 0.4347 0.875
-0.47332 6.3e-05 0.44878 0.883333
-0.47524 0.000628 0.450466 0.891667
-0.477159 0.004404 0.477411 0.9
-0.479075 0.021661 0.49745 0.908333
-0.480989 0.074717 0.497173 0.916667
-0.4829 0.18076 0.495515 0.925
-0.48481 0.306729 0.493826 0.933333
-0.486717 0.365077 0.49329 0.941667
-0.488621 0.304786 0.492794 0.95
-0.490524 0.178477 0.492796 0.958333
-0.492424 0.073306 0.492606 0.966667
-0.494321 0.021117 0.492956 0.975
-0.496217 0.004266 0.493873 0.983333
-0.498109 0.000604 0.489101 0.991667
-0.5 6e-05 0.45907 1.0
-0.501888 4e-06 0.454767 1.008333
-0.503774 0.0 0.446879 1.016667
-0.505657 0.0 0.403954 1.025
-0.507538 0.0 0.326093 1.033333
-0.509417 0.0 0.241296 1.041667
-0.511293 0.0 0.19596 1.05
-0.513167 0.0 0.193389 1.058333
-0.515038 0.0 0.144044 1.066667
-0.516907 0.0 0.070836 1.075
-0.518773 0.0 0.070727 1.083333
-0.520637 0.0 0.072009 1.091667
-0.522499 0.0 0.071846 1.1
-0.524357 0.0 0.073089 1.108333
-0.526214 0.0 0.073277 1.116667
-0.528068 0.0 0.073193 1.125
-0.529919 0.0 0.072841 1.133333
-0.531768 0.0 0.069381 1.141667
-0.533615 0.0 0.064972 1.15
-0.535458 0.0 0.071928 1.158333
-0.5373 0.0 0.087011 1.166667
-0.539138 0.0 0.101191 1.175
-0.540974 0.0 0.105828 1.183333
-0.542808 0.0 0.106259 1.191667
-0.544639 0.0 0.106146 1.2
-0.546467 0.0 0.110148 1.208333
-0.548293 0.0 0.116272 1.216667
-0.550116 0.0 0.119171 1.225
-0.551937 0.0 0.121578 1.233333
-0.553755 0.0 0.121396 1.241667
-0.55557 0.0 0.119117 1.25
-0.557383 0.0 0.116921 1.258333
-0.559193 0.0 0.118305 1.266667
-0.561 0.0 0.121036 1.275
-0.562805 0.0 0.125294 1.283333
-0.564607 0.0 0.128585 1.291667
-0.566406 0.0 0.127789 1.3
-0.568203 0.0 0.127861 1.308333
-0.569997 0.0 0.129946 1.316667
-0.571788 0.0 0.131018 1.325
-0.573576 0.0 0.130016 1.333333
-0.575362 0.0 0.122957 1.341667
-0.577145 0.0 0.116761 1.35
-0.578925 0.0 0.114162 1.358333
-0.580703 0.0 0.114093 1.366667
-0.582478 0.0 0.113731 1.375
-0.58425 0.0 0.112013 1.383333
-0.586019 0.0 0.113751 1.391667
-0.587785 0.0 0.119157 1.4
-0.589549 0.0 0.151904 1.408333
-0.59131 0.0 0.205144 1.416667
-0.593068 0.0 0.210553 1.425
-0.594823 0.0 0.267199 1.433333
-0.596575 0.0 0.337739 1.441667
-0.598325 0.0 0.411893 1.45
-0.600071 0.0 0.491851 1.458333
-0.601815 0.0 0.544479 1.466667
-0.603556 0.0 0.557185 1.475
-0.605294 0.0 0.557806 1.483333
-0.607029 0.0 0.55618 1.491667
-0.608761 0.0 0.551845 1.5
-0.610491 0.0 0.544767 1.508333
-0.612217 0.0 0.540671 1.516667
-0.613941 0.0 0.536882 1.525
-0.615661 0.0 0.532249 1.533333
-0.617379 0.0 0.525918 1.541667
-0.619094 0.0 0.5181 1.55
-0.620806 0.0 0.508644 1.558333
-0.622515 0.0 0.495669 1.566667
-0.624221 0.0 0.464976 1.575
-0.625923 0.0 0.391454 1.583333
-0.627623 0.0 0.368078 1.591667
-0.62932 0.0 0.373175 1.6
-0.631014 0.0 0.365263 1.608333
-0.632705 0.0 0.342704 1.616667
-0.634393 0.0 0.292584 1.625
-0.636078 0.0 0.23542 1.633333
-0.63776 0.0 0.220213 1.641667
-0.639439 0.0 0.22024 1.65
-0.641115 0.0 0.231357 1.658333
-0.642788 0.0 0.24974 1.666667
-0.644457 0.0 0.250888 1.675
-0.646124 0.0 0.239182 1.683333
-0.647788 0.0 0.234231 1.691667
-0.649448 0.0 0.225131 1.7
-0.651105 0.0 0.222176 1.708333
-0.65276 0.0 0.221213 1.716667
-0.654411 0.0 0.222529 1.725
-0.656059 0.0 0.221163 1.733333
-0.657704 0.0 0.212141 1.741667
-0.659346 0.0 0.20429 1.75
-0.660985 0.0 0.204418 1.758333
-0.66262 0.0 0.195673 1.766667
-0.664252 0.0 0.190914 1.775
-0.665882 0.0 0.180275 1.783333
-0.667508 0.0 0.160855 1.791667
-0.669131 0.0 0.156044 1.8
-0.67075 0.0 0.168003 1.808333
-0.672367 0.0 0.170085 1.816667
-0.67398 0.0 0.153245 1.825
-0.67559 0.0 0.129941 1.833333
-0.677197 0.0 0.123366 1.841667
-0.678801 0.0 0.123121 1.85
-0.680401 0.0 0.125398 1.858333
-0.681998 0.0 0.133564 1.866667
-0.683592 0.0 0.138358 1.875
-0.685183 0.0 0.135854 1.883333
-0.68677 0.0 0.128016 1.891667
-0.688355 0.0 0.127154 1.9
-0.689935 0.0 0.132749 1.908333
-0.691513 0.0 0.141858 1.916667
-0.693087 0.0 0.144072 1.925
-0.694658 0.0 0.139111 1.933333
-0.696226 0.0 0.133852 1.941667
-0.69779 0.0 0.133105 1.95
-0.699352 0.0 0.133962 1.958333
-0.700909 0.0 0.136319 1.966667
-0.702464 0.0 0.146014 1.975
-0.704015 0.0 0.163739 1.983333
-0.705562 0.0 0.182562 1.991667
-0.707107 0.0 0.202548 2.0
-0.708648 0.0 0.221125 2.008333
-0.710185 0.0 0.239541 2.016667
-0.71172 0.0 0.306057 2.025
-0.71325 0.0 0.349176 2.033333
-0.714778 0.0 0.351547 2.041667
-0.716302 0.0 0.365867 2.05
-0.717823 0.0 0.396262 2.058333
-0.71934 0.0 0.42377 2.066667
-0.720854 0.0 0.42669 2.075
-0.722364 0.0 0.454145 2.083333
-0.723871 0.0 0.470792 2.091667
-0.725374 0.0 0.467309 2.1
-0.726874 0.0 0.514007 2.108333
-0.728371 0.0 0.591309 2.116667
-0.729864 6e-06 0.630448 2.125
-0.731354 8.3e-05 0.650507 2.133333
-0.73284 0.000884 0.653213 2.141667
-0.734323 0.00657 0.657247 2.15
-0.735802 0.034237 0.657955 2.158333
-0.737277 0.125121 0.656367 2.166667
-0.738749 0.320711 0.649132 2.175
-0.740218 0.576585 0.640841 2.183333
-0.741683 0.727095 0.617868 2.191667
-0.743145 0.643135 0.605659 2.2
-0.744603 0.399019 0.618205 2.208333
-0.746057 0.173643 0.627478 2.216667
-0.747508 0.053 0.618355 2.225
-0.748956 0.011345 0.599858 2.233333
-0.7504 0.001703 0.593339 2.241667
-0.75184 0.000179 0.562961 2.25
-0.753276 1.3e-05 0.531364 2.258333
-0.75471 1e-06 0.52292 2.266667
-0.756139 0.0 0.491916 2.275
-0.757565 0.0 0.415736 2.283333
-0.758987 0.0 0.36689 2.291667
-0.760406 0.0 0.339179 2.3
-0.761821 0.0 0.333901 2.308333
-0.763232 0.0 0.332025 2.316667
-0.76464 0.0 0.328324 2.325
-0.766044 0.0 0.331254 2.333333
-0.767445 0.0 0.412044 2.341667
-0.768842 1e-06 0.534786 2.35
-0.770235 1.3e-05 0.617548 2.358333
-0.771625 0.000195 0.636755 2.366667
-0.77301 0.002099 0.617159 2.375
-0.774393 0.01593 0.607009 2.383333
-0.775771 0.085371 0.621462 2.391667
-0.777146 0.32459 0.636516 2.4
-0.778517 0.881665 0.638679 2.408333
-0.779884 1.728101 0.64132 2.416667
-0.781248 2.476007 0.646395 2.425
-0.782608 2.629853 0.652887 2.433333
-0.783964 2.093713 0.65939 2.441667
-0.785317 1.253986 0.665827 2.45
-0.786666 0.561905 0.672173 2.458333
-0.788011 0.186108 0.679297 2.466667
-0.789352 0.044925 0.685882 2.475
-0.79069 0.007806 0.683663 2.483333
-0.792023 0.000967 0.685628 2.491667
-0.793353 8.5e-05 0.687548 2.5
-0.79468 5e-06 0.653943 2.508333
-0.796002 0.0 0.557725 2.516667
-0.797321 0.0 0.407995 2.525
-0.798636 0.0 0.244 2.533333
-0.799947 0.0 0.143998 2.541667
-0.801254 0.0 0.135281 2.55
-0.802557 0.0 0.119648 2.558333
-0.803857 0.0 0.110992 2.566667
-0.805153 0.0 0.111367 2.575
-0.806445 0.0 0.10504 2.583333
-0.807733 0.0 0.09849 2.591667
-0.809017 0.0 0.098525 2.6
-0.810297 0.0 0.10006 2.608333
-0.811574 0.0 0.104849 2.616667
-0.812847 0.0 0.113027 2.625
-0.814116 0.0 0.121867 2.633333
-0.81538 0.0 0.126162 2.641667
-0.816642 0.0 0.127198 2.65
-0.817899 0.0 0.127536 2.658333
-0.819152 0.0 0.128274 2.666667
-0.820401 0.0 0.128384 2.675
-0.821647 0.0 0.127709 2.683333
-0.822889 0.0 0.126529 2.691667
-0.824126 0.0 0.127325 2.7
-0.82536 0.0 0.123077 2.708333
-0.82659 0.0 0.113622 2.716667
-0.827816 0.0 0.096891 2.725
-0.829038 0.0 0.078365 2.733333
-0.830256 0.0 0.06078 2.741667
-0.83147 0.0 0.045387 2.75
-0.83268 0.0 0.044242 2.758333
-0.833886 0.0 0.047321 2.766667
-0.835088 0.0 0.047489 2.775
-0.836286 0.0 0.047039 2.783333
-0.83748 0.0 0.045362 2.791667
-0.838671 0.0 0.043568 2.8
-0.839857 0.0 0.048673 2.808333
-0.841039 0.0 0.055415 2.816667
-0.842217 0.0 0.059659 2.825
-0.843391 0.0 0.06228 2.833333
-0.844562 0.0 0.062736 2.841667
-0.845728 0.0 0.06311 2.85
-0.84689 0.0 0.064636 2.858333
-0.848048 0.0 0.066778 2.866667
-0.849202 0.0 0.069401 2.875
-0.850352 0.0 0.075149 2.883333
-0.851498 0.0 0.082382 2.891667
-0.85264 0.0 0.091639 2.9
-0.853778 0.0 0.101485 2.908333
-0.854912 0.0 0.121858 2.916667
-0.856042 0.0 0.172839 2.925
-0.857167 0.0 0.180072 2.933333
-0.858289 0.0 0.182542 2.941667
-0.859406 0.0 0.204518 2.95
-0.86052 0.0 0.229315 2.958333
-0.861629 0.0 0.253871 2.966667
-0.862734 0.0 0.264934 2.975
-0.863836 0.0 0.266955 2.983333
-0.864933 0.0 0.330169 2.991667
-0.866025 0.0 0.357568 3.0
-0.867114 0.0 0.357441 3.008333
-0.868199 0.0 0.356458 3.016667
-0.869279 0.0 0.380388 3.025
-0.870356 0.0 0.492738 3.033333
-0.871428 0.0 0.633779 3.041667
-0.872496 0.0 0.717261 3.05
-0.87356 1e-06 0.735706 3.058333
-0.87462 2.4e-05 0.729768 3.066667
-0.875675 0.000318 0.721865 3.075
-0.876727 0.00295 0.717177 3.083333
-0.877774 0.019168 0.707316 3.091667
-0.878817 0.087357 0.693917 3.1
-0.879856 0.279218 0.691984 3.108333
-0.880891 0.625952 0.693213 3.116667
-0.881921 0.984258 0.696469 3.125
-0.882948 1.085566 0.69746 3.133333
-0.88397 0.839816 0.698247 3.141667
-0.884988 0.45571 0.695028 3.15
-0.886001 0.173443 0.640373 3.158333
-0.887011 0.046299 0.611236 3.166667
-0.888016 0.008668 0.607978 3.175
-0.889017 0.001138 0.620245 3.183333
-0.890014 0.000105 0.67399 3.191667
-0.891007 7e-06 0.711022 3.2
-0.891995 0.0 0.698624 3.208333
-0.892979 0.0 0.67427 3.216667
-0.893959 0.0 0.677389 3.225
-0.894934 0.0 0.678591 3.233333
-0.895906 0.0 0.677984 3.241667
-0.896873 0.0 0.661253 3.25
-0.897836 0.0 0.620227 3.258333
-0.898794 0.0 0.61108 3.266667
-0.899748 0.0 0.613962 3.275
-0.900698 0.0 0.619036 3.283333
-0.901644 0.0 0.612652 3.291667
-0.902585 0.0 0.603018 3.3
-0.903522 0.0 0.591385 3.308333
-0.904455 0.0 0.57907 3.316667
-0.905384 0.0 0.56578 3.325
-0.906308 0.0 0.527612 3.333333
-0.907228 0.0 0.526719 3.341667
-0.908143 0.0 0.540383 3.35
-0.909054 0.0 0.51697 3.358333
-0.909961 0.0 0.459738 3.366667
-0.910864 0.0 0.397555 3.375
-0.911762 0.0 0.370211 3.383333
-0.912656 0.0 0.35609 3.391667
-0.913545 0.0 0.368489 3.4
-0.914431 0.0 0.376127 3.408333
-0.915311 0.0 0.340363 3.416667
-0.916188 0.0 0.302923 3.425
-0.91706 0.0 0.288497 3.433333
-0.917928 0.0 0.289406 3.441667
-0.918791 0.0 0.289098 3.45
-0.91965 0.0 0.290225 3.458333
-0.920505 0.0 0.291039 3.466667
-0.921355 0.0 0.285357 3.475
-0.922201 0.0 0.268104 3.483333
-0.923042 0.0 0.243995 3.491667
-0.92388 0.0 0.261869 3.5
-0.924712 0.0 0.305298 3.508333
-0.925541 0.0 0.307515 3.516667
-0.926364 0.0 0.34991 3.525
-0.927184 0.0 0.445181 3.533333
-0.927999 0.0 0.544999 3.541667
-0.92881 0.0 0.604276 3.55
-0.929616 0.0 0.614742 3.558333
-0.930418 0.0 0.611205 3.566667
-0.931215 0.0 0.652771 3.575
-0.932008 0.0 0.674842 3.583333
-0.932796 0.0 0.679165 3.591667
-0.93358 0.0 0.677739 3.6
-0.93436 0.0 0.675274 3.608333
-0.935135 0.0 0.674065 3.616667
-0.935906 0.0 0.674163 3.625
-0.936672 0.0 0.673794 3.633333
-0.937434 0.0 0.671029 3.641667
-0.938191 0.0 0.666579 3.65
-0.938944 0.0 0.661396 3.658333
-0.939693 0.0 0.635108 3.666667
-0.940437 0.0 0.58839 3.675
-0.941176 0.0 0.577452 3.683333
-0.941911 0.0 0.569367 3.691667
-0.942641 0.0 0.526756 3.7
-0.943368 0.0 0.445029 3.708333
-0.944089 0.0 0.359129 3.716667
-0.944806 0.0 0.322113 3.725
-0.945519 0.0 0.319391 3.733333
-0.946227 0.0 0.229095 3.741667
-0.94693 0.0 0.148888 3.75
-0.947629 0.0 0.112549 3.758333
-0.948324 0.0 0.095604 3.766667
-0.949014 0.0 0.098922 3.775
-0.949699 0.0 0.112039 3.783333
-0.95038 0.0 0.121239 3.791667
-0.951057 0.0 0.124059 3.8
-0.951728 0.0 0.124219 3.808333
-0.952396 0.0 0.125329 3.816667
-0.953059 0.0 0.126099 3.825
-0.953717 0.0 0.125592 3.833333
-0.954371 0.0 0.123421 3.841667
-0.95502 0.0 0.12056 3.85
-0.955665 0.0 0.118204 3.858333
-0.956305 0.0 0.116007 3.866667
-0.95694 0.0 0.113459 3.875
-0.957571 0.0 0.112046 3.883333
-0.958198 0.0 0.108621 3.891667
-0.95882 0.0 0.10231 3.9
-0.959437 0.0 0.098879 3.908333
-0.96005 0.0 0.096937 3.916667
-0.960658 0.0 0.102429 3.925
-0.961262 0.0 0.109793 3.933333
-0.961861 0.0 0.107953 3.941667
-0.962455 0.0 0.097245 3.95
-0.963045 0.0 0.085887 3.958333
-0.96363 0.0 0.084159 3.966667
-0.964211 0.0 0.091448 3.975
-0.964787 0.0 0.094647 3.983333
-0.965359 0.0 0.097119 3.991667
-0.965926 0.0 0.099508 4.0
-0.966488 0.0 0.101159 4.008333
-0.967046 0.0 0.11013 4.016667
-0.967599 0.0 0.202815 4.025
-0.968148 0.0 0.225741 4.033333
-0.968692 0.0 0.24186 4.041667
-0.969231 0.0 0.310942 4.05
-0.969766 0.0 0.40435 4.058333
-0.970296 1e-06 0.46829 4.066667
-0.970821 2.2e-05 0.487456 4.075
-0.971342 0.000251 0.523027 4.083333
-0.971858 0.002044 0.584779 4.091667
-0.97237 0.011655 0.607642 4.1
-0.972877 0.046597 0.620287 4.108333
-0.973379 0.130664 0.658564 4.116667
-0.973877 0.256983 0.687793 4.125
-0.97437 0.354509 0.688093 4.133333
-0.974859 0.343026 0.686611 4.141667
-0.975342 0.232812 0.684243 4.15
-0.975821 0.110829 0.686997 4.158333
-0.976296 0.037005 0.719707 4.166667
-0.976766 0.008666 0.744453 4.175
-0.977231 0.001423 0.73993 4.183333
-0.977692 0.000164 0.69517 4.191667
-0.978148 1.3e-05 0.703677 4.2
-0.978599 1e-06 0.728185 4.208333
-0.979045 0.0 0.723169 4.216667
-0.979487 0.0 0.698014 4.225
-0.979925 0.0 0.670486 4.233333
-0.980357 0.0 0.660653 4.241667
-0.980785 0.0 0.627059 4.25
-0.981209 0.0 0.550057 4.258333
-0.981627 0.0 0.504139 4.266667
-0.982041 0.0 0.504001 4.275
-0.98245 0.0 0.508198 4.283333
-0.982855 0.0 0.492444 4.291667
-0.983255 0.0 0.494698 4.3
-0.98365 0.0 0.519051 4.308333
-0.984041 0.0 0.566625 4.316667
-0.984427 0.0 0.605716 4.325
-0.984808 0.0 0.579084 4.333333
-0.985184 0.0 0.537655 4.341667
-0.985556 0.0 0.526811 4.35
-0.985923 0.0 0.528466 4.358333
-0.986286 0.0 0.520449 4.366667
-0.986643 0.0 0.525393 4.375
-0.986996 0.0 0.550144 4.383333
-0.987345 0.0 0.562622 4.391667
-0.987688 0.0 0.561334 4.4
-0.988027 0.0 0.563333 4.408333
-0.988362 0.0 0.55934 4.416667
-0.988691 0.0 0.553517 4.425
-0.989016 0.0 0.547846 4.433333
-0.989336 0.0 0.537918 4.441667
-0.989651 0.0 0.480395 4.45
-0.989962 0.0 0.446824 4.458333
-0.990268 0.0 0.463728 4.466667
-0.990569 0.0 0.481824 4.475
-0.990866 0.0 0.483907 4.483333
-0.991158 0.0 0.472433 4.491667
-0.991445 0.0 0.468099 4.5
-0.991727 0.0 0.43798 4.508333
-0.992005 0.0 0.39446 4.516667
-0.992278 0.0 0.354853 4.525
-0.992546 0.0 0.35638 4.533333
-0.99281 0.0 0.359291 4.541667
-0.993068 0.0 0.362153 4.55
-0.993323 0.0 0.369701 4.558333
-0.993572 0.0 0.372839 4.566667
-0.993816 0.0 0.333111 4.575
-0.994056 0.0 0.313194 4.583333
-0.994291 0.0 0.317224 4.591667
-0.994522 0.0 0.323683 4.6
-0.994748 0.0 0.327049 4.608333
-0.994969 0.0 0.325126 4.616667
-0.995185 0.0 0.335276 4.625
