0.0017000000000003124
0.0028000000000000247
0.004000000000001225
0.005499999999999949
0.007899999999999574
0.012299999999998423
0.020100000000000673
0.03249999999999087
0.04899999999998794
0.07659999999996003
0.07260000000002265
0.0014000000000180535
0.08579999999991372
0.11250000000000426
0.07740000000000524
0.03330000000000277
0.009500000000001174
0.0018000000000000654
0.00019999999999998318
0.0
0.0
0.0
0.0
0.0
0.0
0.0
0.0
0.0
0.0
0.0
0.0
0.0
0.0
0.0
0.0
0.0
0.0
0.0
0.0
0.0
0.0
0.0
0.0
0.0
0.0
0.0
0.0
0.0
0.0
0.0
0.0
0.0
0.0
0.0
0.0
0.0
0.0
0.0
0.0
0.0
0.0
0.0
0.0
0.0
0.0
0.0
0.0
0.0
0.0
0.0
0.0
0.0
0.0
0.0
0.0
0.0
0.0
0.0
0.0
0.0
0.00019999999999999944
0.0023000000000000017
0.017500000000000154
0.09300000000000141
0.33600000000000296
0.8010000000000073
1.1865000000000236
0.883800000000079
0.16250000000006537
1.0555999999999344
1.0661000000000698
0.5018000000000189
0.053899999999984516
0.012799999999968392
0.12449999999999406
0.21480000000000388
0.18540000000000223
0.10560000000000014
0.04299999999999998
0.012799999999999964
0.0027000000000000114
0.0005000000000000013
0.0001000000000000004
0.0
0.0
0.0
0.0
0.0
0.0
9.999999999999972e-05
0.0010999999999999942
0.006500000000000082
0.025200000000000222
0.06629999999999969
0.11999999999999789
0.1751000000000058
0.2843000000000151
0.48440000000002925
0.5552999999999919
0.1939000000000135
0.4074000000000133
0.6984999999999797
0.5390000000000006
0.2506000000000008
0.07549999999999918
0.015199999999999936
0.0021000000000000185
0.00019999999999999944
0.0
0.0
0.0
0.0
0.0
0.0
0.0
0.0
0.0
0.0
0.0
0.0
0.0
0.0
0.0
0.0
0.0
0.0
0.0
0.0
0.0
0.0
0.0
0.0
0.0
0.0
0.0
0.0
0.0
0.0
0.0
0.0
0.0
0.0
0.0
0.0
0.0
0.0
0.0
0.0
0.0
0.0
0.0
0.0
0.0
0.0
0.0
0.0
0.0
0.0
0.0
0.0
0.0
0.0
0.0
0.0
0.0
0.0
0.0
0.0
0.0
0.0
0.0
0.0
0.0
0.0
0.0
0.0
0.0
0.0
0.0
0.0
0.0
0.0
0.0
0.0
0.0
0.0
0.0
0.0
0.0
0.0
0.0
0.0
0.0
0.0
0.0
0.0
0.0
0.0
0.0
0.0
0.0
0.0
0.0
0.0
0.0
0.0
0.0
0.0
0.0
0.0
0.0
0.0
0.0
0.0
0.0
0.0
0.0
0.0
0.0
0.0
0.0
0.0
0.0
0.0
0.0
0.0
0.0
0.0
0.0
0.0
0.0
0.0
0.0
0.0
0.0
0.0
0.0
0.0
0.0
0.0
0.0
0.0
0.0
0.0
0.0
0.0
0.0
0.0
0.0
0.0
0.0
0.0
0.0
0.0
0.0
0.0
0.0
0.0
0.0
0.0
0.0
0.0
0.0
0.0
0.0
0.0
0.0
0.0
0.0
0.0
0.0
0.0
0.0
0.0
0.0
0.0
0.0
0.0
0.0
0.0
0.0
0.0
0.0
0.0
0.0001000000000000004
0.0015999999999999955
0.011899999999999931
0.059300000000000325
0.19750000000000045
0.4245999999999972
0.5435999999999996
0.29130000000001655
0.2223000000000086
0.537999999999994
0.463799999999992
0.23279999999999967
0.07500000000000007
0.01609999999999997
0.0023999999999999933
0.0003000000000000005
0.0
0.0
0.0
0.0
0.0
0.0
0.0
0.0
0.0
0.0
0.0
0.0
0.0
0.0
0.0
0.0
0.0
0.0
0.0
0.0
0.0
0.0
0.0
0.0
0.0
0.0
0.0
0.0
9.999999999999988e-05
0.0004999999999999986
0.005000000000000013
0.030299999999999945
0.1252000000000003
0.34170000000000034
0.5874999999999964
0.5609999999999893
0.16380000000000283
0.022999999999995246
0.8098999999999856
2.513399999999999
3.373399999999993
1.641300000000001
1.6836999999999769
3.572400000000009
2.971199999999996
1.4614999999999934
0.464500000000001
0.09880000000000028
0.01429999999999999
0.001399999999999996
0.00010000000000000006
0.0
0.0
0.0
0.0
0.0
0.0
0.0
0.0
0.0
0.0
0.0
0.0
0.0
0.0
0.0
0.0
0.0
0.0
0.0
0.0
0.0
0.0
0.0
0.0
0.0
0.0
0.0
0.0
0.0
0.0
0.0
0.0
0.0
0.0
0.0
0.0
0.0
0.0
0.0
0.0
0.0
0.0
0.0
0.0
0.0
0.0
0.0
0.0
0.0
0.0
0.0
0.0
0.0
0.0
0.0
0.0
0.0
0.0
0.0
0.0
0.0
0.0
0.0
0.0
0.0
0.0
0.0
0.0
0.0
0.0
0.0
0.0
0.0
0.0
0.0
0.0
0.0
0.0
0.0
0.0
0.0
0.0
0.0
0.0
0.0
0.0
0.0
0.0
0.0
0.0
0.0
0.0
0.0
0.0
0.0
0.0
0.0
0.0
0.0
0.0
0.0
0.0
0.0
0.0
0.0
0.0
0.0
0.0
0.0
0.0
0.0
0.0
0.0
0.0
0.0
0.0
0.0
0.0
0.0
0.0
0.0
0.0
0.0
0.0
0.0
0.0
0.0
0.0
0.0
0.0
0.0
0.0
0.000600000000000001
0.005800000000000011
0.036799999999999854
0.1583999999999995
0.4512000000000016
0.8143000000000011
0.8199999999999985
0.18439999999999568
0.6228000000000122
0.8958999999999939
0.621499999999997
0.26350000000000123
0.07290000000000005
0.013500000000000014
0.001699999999999998
0.00020000000000000012
0.0
0.0
0.0
0.0
0.0
0.0
0.0
0.0
0.0
0.0
0.0
0.0
0.0
0.0
0.0
0.0
0.0
0.0
0.0
0.0
0.0
0.0
0.0
0.0
0.0
0.0
0.0
0.0
0.0
0.0
0.0
0.0
0.0
0.0
0.0
0.0
0.0
0.0
0.0
0.0
0.0
0.0
0.0
0.0
0.0
0.0
0.0
0.0
0.0
0.0
0.0
0.0
0.0
0.0
0.0
0.0
0.0
0.0005
0.003999999999999989
0.021099999999999938
0.07600000000000003
0.1781999999999992
0.25489999999999957
0.1741000000000048
0.057600000000002094
0.2375000000000016
0.23330000000000017
0.12849999999999945
0.044899999999999975
0.010399999999999993
0.001600000000000001
9.999999999999972e-05
0.0
0.0
0.0
0.0
0.0
0.0
0.0
0.0
0.0
0.0
0.0
0.0
0.0
0.0
0.0
0.0
0.0
0.0
0.0
0.0
0.0
0.0
0.0
0.0
0.0
0.0
0.0
0.0
0.0
0.0
0.0
0.0
0.0
0.0
0.0
0.0
0.0
0.0
0.0
0.0
0.0
0.0
9.999999999999988e-05
0.001
0.010300000000000023
0.06840000000000006
0.306300000000001
0.911099999999998
1.7274000000000012
1.8673000000000162
0.5936999999999859
1.2249000000000176
1.9757999999999942
1.4506000000000019
0.6435999999999997
0.18550000000000025
0.03580000000000007
0.004600000000000003
0.0005
0.0
0.0
0.0
0.0
0.0
0.0
0.0
0.0
0.0
0.0
0.0
0.0
0.0
0.0
0.0
0.0
0.0
0.0
0.0
0.0
0.0
0.0
0.0
0.0
0.0
0.0
0.0
0.0
0.0
0.0
0.0
0.0
0.0
0.0
0.0
0.0
0.0
0.0
9.999999999999972e-05
0.0014000000000000015
0.009999999999999983
0.045399999999999954
0.13699999999999962
0.26400000000000035
0.2919000000000005
0.10149999999999881
0.18179999999999863
0.3058000000000005
0.22900000000000004
0.10309999999999972
0.030100000000000005
0.0059000000000000025
0.0008000000000000005
0.00010000000000000006
0.0
0.0
0.0
0.0
0.0
0.0
0.0
0.0
0.0
0.0
0.0
0.0
0.0
0.0
0.0
0.0
0.0
0.0
0.0
0.0
0.0
0.0
0.0
0.0
0.0
0.0
0.0
0.0
0.0
0.0
0.0
0.0
0.0
0.0
0.0
0.0
0.0
0.0
0.0
9.999999999999998e-05
0.0005999999999999996
0.006000000000000016
0.04080000000000004
0.18780000000000047
0.5743999999999999
1.1240999999999945
1.2695000000000123
0.47399999999999665
0.7568000000000019
1.3248000000000038
1.0104000000000002
0.4620000000000013
0.13689999999999952
0.02710000000000004
0.0036000000000000008
0.00039999999999999953
0.0
0.0
0.0
0.0
0.0
0.0
0.0
0.0
0.0
0.0
0.0
0.0
0.0
0.0
0.0
0.0
0.0
0.0
0.0
0.0
9.999999999999972e-05
0.0019000000000000028
0.01650000000000002
0.09940000000000018
0.4047999999999996
1.0974999999999957
1.8925999999999998
1.814300000000002
0.32249999999995893
1.4613999999999905
2.021699999999993
1.3902999999999999
0.5915000000000004
0.16569999999999988
0.031400000000000004
0.004099999999999991
0.0002999999999999998
0.0
0.0
0.0
0.0
0.0
0.0
0.0
0.0
0.0
0.0
0.0
0.0
0.0
0.0
0.0
0.0
0.0
0.0
0.0
0.0
0.0
0.0
0.0
0.0
0.0
0.0
0.0
0.0
0.0
0.0
0.0
0.0
0.0
0.0
0.0
0.0
0.0
0.0
0.0
0.0
0.0
0.0
0.0
0.0
0.0
0.0
0.0
0.0
0.0
0.0
0.0
