0.0036000000000008248
0.005700000000000149
0.008199999999999874
0.011300000000000199
0.016199999999999548
0.025200000000002998
0.04109999999999392
0.06639999999999979
0.10029999999998651
0.1566999999999652
0.14849999999997365
0.002899999999961267
0.17559999999994247
0.23019999999998042
0.15840000000000298
0.06810000000000427
0.01940000000000136
0.003699999999999884
0.0004000000000000097
0.0
0.0
0.0
0.0
0.0
0.0
0.0
0.0
0.0
0.0
0.0
0.0
0.0
0.0
0.0
0.0
0.0
0.0
0.0
0.0
0.0
0.0
0.0
0.0
0.0
0.0
0.0
0.0
0.0
0.0
0.0
0.0
0.0
0.0
0.0
0.0
0.0
0.0
0.0
0.0
0.0
0.0
0.0
0.0
0.0
0.0
0.0
0.0
0.0
0.0
0.0
0.0
0.0
0.0
0.0
0.0
0.0
0.0
0.0
0.0
0.0
0.0003999999999999989
0.004600000000000003
0.03580000000000007
0.19030000000000158
0.6870000000000043
1.6364999999999963
2.4197000000000024
1.7907000000001005
0.36000000000004917
2.1903000000000006
2.2064000000000306
1.0419000000000178
0.11449999999997296
0.030299999999972016
0.24820000000000952
0.43600000000001415
0.3790000000000071
0.21660000000000013
0.08840000000000098
0.026299999999999935
0.005599999999999963
0.0009000000000000002
0.0001000000000000004
0.0
0.0
0.0
0.0
0.0
0.0
0.00019999999999999944
0.0023000000000000017
0.013300000000000117
0.05170000000000036
0.1355999999999996
0.24559999999999582
0.3583000000000003
0.5817000000000183
0.99140000000002
1.1364999999999625
0.39669999999993877
0.8338000000000179
1.429400000000003
1.1031000000000013
0.5128000000000021
0.15459999999999918
0.031199999999999978
0.004300000000000007
0.0003999999999999989
9.999999999999988e-05
0.0
0.0
0.0
0.0
0.0
0.0
0.0
0.0
0.0
0.0
0.0
0.0
0.0
0.0
0.0
0.0
0.0
0.0
0.0
0.0
0.0
0.0
0.0
0.0
0.0
0.0
0.0
0.0
0.0
0.0
0.0
0.0
0.0
0.0
0.0
0.0
0.0
0.0
0.0
0.0
0.0
0.0
0.0
0.0
0.0
0.0
0.0
0.0
0.0
0.0
0.0
0.0
0.0
0.0
0.0
0.0
0.0
0.0
0.0
0.0
0.0
0.0
0.0
0.0
0.0
0.0
0.0
0.0
0.0
0.0
0.0
0.0
0.0
0.0
0.0
0.0
0.0
0.0
0.0
0.0
0.0
0.0
0.0
0.0
0.0
0.0
0.0
0.0
0.0
0.0
0.0
0.0
0.0
0.0
0.0
0.0
0.0
0.0
0.0
0.0
0.0
0.0
0.0
0.0
0.0
0.0
0.0
0.0
0.0
0.0
0.0
0.0
0.0
0.0
0.0
0.0
0.0
0.0
0.0
0.0
0.0
0.0
0.0
0.0
0.0
0.0
0.0
0.0
0.0
0.0
0.0
0.0
0.0
0.0
0.0
0.0
0.0
0.0
0.0
0.0
0.0
0.0
0.0
0.0
0.0
0.0
0.0
0.0
0.0
0.0
0.0
0.0
0.0
0.0
0.0
0.0
0.0
0.0
0.0
0.0
0.0
0.0
0.0
0.0
0.0
0.0
0.0
0.0
0.0
0.0
0.0
0.0
0.0
0.0
0.0
0.0003000000000000005
0.0033000000000000043
0.024399999999999943
0.12150000000000008
0.4041000000000017
0.8689000000000002
1.112599999999997
0.5961000000000105
0.4549000000000136
1.1009999999999964
0.9491999999999945
0.47649999999999915
0.15350000000000016
0.03289999999999994
0.004800000000000008
0.0005
0.0
0.0
0.0
0.0
0.0
0.0
0.0
0.0
0.0
0.0
0.0
0.0
0.0
0.0
0.0
0.0
0.0
0.0
0.0
0.0
0.0
0.0
0.0
0.0
0.0
0.0
0.0
0.0
9.999999999999988e-05
0.0010999999999999996
0.010100000000000019
0.061899999999999976
0.2561999999999995
0.6992999999999971
1.2024000000000035
1.1479000000000017
0.3341999999999956
0.05049999999999777
1.6516999999999893
5.1431000000000004
6.9214999999999804
3.392100000000031
3.4248000000000722
7.31970000000004
6.104600000000016
3.0089000000000032
0.958299999999998
0.20410000000000011
0.029600000000000026
0.0029
0.00020000000000000012
0.0
0.0
0.0
0.0
0.0
0.0
0.0
0.0
0.0
0.0
0.0
0.0
0.0
0.0
0.0
0.0
0.0
0.0
0.0
0.0
0.0
0.0
0.0
0.0
0.0
0.0
0.0
0.0
0.0
0.0
0.0
0.0
0.0
0.0
0.0
0.0
0.0
0.0
0.0
0.0
0.0
0.0
0.0
0.0
0.0
0.0
0.0
0.0
0.0
0.0
0.0
0.0
0.0
0.0
0.0
0.0
0.0
0.0
0.0
0.0
0.0
0.0
0.0
0.0
0.0
0.0
0.0
0.0
0.0
0.0
0.0
0.0
0.0
0.0
0.0
0.0
0.0
0.0
0.0
0.0
0.0
0.0
0.0
0.0
0.0
0.0
0.0
0.0
0.0
0.0
0.0
0.0
0.0
0.0
0.0
0.0
0.0
0.0
0.0
0.0
0.0
0.0
0.0
0.0
0.0
0.0
0.0
0.0
0.0
0.0
0.0
0.0
0.0
0.0
0.0
0.0
0.0
0.0
0.0
0.0
0.0
0.0
0.0
0.0
0.0
0.0
0.0
0.0
0.0
0.0
0.0
0.00010000000000000006
0.0011999999999999992
0.011500000000000008
0.07379999999999991
0.3192999999999995
0.9147000000000016
1.6612999999999989
1.6886999999999874
0.40080000000000116
1.2593999999999994
1.8374000000000001
1.2840999999999991
0.5476000000000009
0.1523
0.028399999999999995
0.0036000000000000008
0.0002999999999999998
0.0
0.0
0.0
0.0
0.0
0.0
0.0
0.0
0.0
0.0
0.0
0.0
0.0
0.0
0.0
0.0
0.0
0.0
0.0
0.0
0.0
0.0
0.0
0.0
0.0
0.0
0.0
0.0
0.0
0.0
0.0
0.0
0.0
0.0
0.0
0.0
0.0
0.0
0.0
0.0
0.0
0.0
0.0
0.0
0.0
0.0
0.0
0.0
0.0
0.0
0.0
0.0
0.0
0.0
0.0
0.0
9.999999999999998e-05
0.001
0.007999999999999988
0.042799999999999956
0.15450000000000014
0.36339999999999983
0.5215999999999998
0.35840000000000316
0.11510000000000131
0.48490000000000477
0.47840000000000105
0.2641999999999999
0.09250000000000005
0.02149999999999999
0.0033000000000000043
0.0002999999999999998
0.0
0.0
0.0
0.0
0.0
0.0
0.0
0.0
0.0
0.0
0.0
0.0
0.0
0.0
0.0
0.0
0.0
0.0
0.0
0.0
0.0
0.0
0.0
0.0
0.0
0.0
0.0
0.0
0.0
0.0
0.0
0.0
0.0
0.0
0.0
0.0
0.0
0.0
0.0
0.0
0.0
9.999999999999999e-05
0.00019999999999999996
0.002100000000000002
0.020800000000000027
0.13810000000000003
0.6209000000000007
1.853100000000002
3.5271000000000052
3.8345000000000073
1.2477999999999767
2.48339999999998
4.047699999999987
2.9864
1.3301000000000007
0.3847999999999997
0.0745000000000001
0.0098
0.0009000000000000002
0.0
0.0
0.0
0.0
0.0
0.0
0.0
0.0
0.0
0.0
0.0
0.0
0.0
0.0
0.0
0.0
0.0
0.0
0.0
0.0
0.0
0.0
0.0
0.0
0.0
0.0
0.0
0.0
0.0
0.0
0.0
0.0
0.0
0.0
0.0
0.0
0.0
9.999999999999999e-05
0.0002999999999999998
0.0029
0.02009999999999998
0.09159999999999985
0.27760000000000007
0.5379999999999996
0.5998999999999977
0.21499999999999853
0.3662999999999972
0.6263000000000019
0.4723000000000005
0.2139999999999996
0.06290000000000003
0.012300000000000005
0.001600000000000001
0.00010000000000000006
0.0
0.0
0.0
0.0
0.0
0.0
0.0
0.0
0.0
0.0
0.0
0.0
0.0
0.0
0.0
0.0
0.0
0.0
0.0
0.0
0.0
0.0
0.0
0.0
0.0
0.0
0.0
0.0
0.0
0.0
0.0
0.0
0.0
0.0
0.0
0.0
0.0
0.0
0.0
9.999999999999998e-05
0.0011999999999999992
0.011900000000000008
0.08120000000000002
0.37630000000000025
1.1594999999999995
2.2882999999999987
2.6162999999999936
1.0225999999999846
1.5014000000000083
2.701500000000001
2.083299999999999
0.9606000000000003
0.2867000000000002
0.05720000000000004
0.007699999999999992
0.0007999999999999998
0.0
0.0
0.0
0.0
0.0
0.0
0.0
0.0
0.0
0.0
0.0
0.0
0.0
0.0
0.0
0.0
0.0
0.0
0.0
0.0
0.0002999999999999998
0.0038000000000000004
0.033
0.19930000000000017
0.8159
2.223700000000001
3.857899999999992
3.73190000000001
0.7073999999999803
2.959299999999998
4.144499999999995
2.8695000000000026
1.2279000000000013
0.3458000000000003
0.06579999999999997
0.008599999999999993
0.0007000000000000001
0.0
0.0
0.0
0.0
0.0
0.0
0.0
0.0
0.0
0.0
0.0
0.0
0.0
0.0
0.0
0.0
0.0
