0.004200000000000037
0.006699999999999762
0.009600000000001274
0.013199999999999323
0.018999999999996797
0.029500000000004523
0.04809999999999537
0.07770000000000277
0.11729999999998686
0.18329999999999735
0.17380000000004614
0.003399999999942338
0.2054999999999474
0.26929999999998344
0.18530000000001046
0.07970000000000477
0.022700000000000498
0.00429999999999979
0.000500000000000023
0.0
0.0
0.0
0.0
0.0
0.0
0.0
0.0
0.0
0.0
0.0
0.0
0.0
0.0
0.0
0.0
0.0
0.0
0.0
0.0
0.0
0.0
0.0
0.0
0.0
0.0
0.0
0.0
0.0
0.0
0.0
0.0
0.0
0.0
0.0
0.0
0.0
0.0
0.0
0.0
0.0
0.0
0.0
0.0
0.0
0.0
0.0
0.0
0.0
0.0
0.0
0.0
0.0
0.0
0.0
0.0
0.0
0.0
0.0
0.0
0.0
0.0003999999999999989
0.005400000000000023
0.04190000000000027
0.22320000000000118
0.8067000000000046
1.9260000000000055
2.858599999999978
2.138000000000062
0.3799000000000774
2.5408999999999793
2.5793000000000177
1.2240999999999946
0.13739999999997643
0.03500000000000725
0.28969999999999274
0.5095000000000072
0.443300000000002
0.25350000000000095
0.10340000000000071
0.030799999999999925
0.006600000000000009
0.0010000000000000026
0.00020000000000000012
0.0
0.0
0.0
0.0
0.0
0.0
0.00029999999999999916
0.0026999999999999897
0.015500000000000062
0.06040000000000004
0.1587000000000005
0.2872999999999959
0.41919999999999735
0.6805000000000172
1.159700000000008
1.3294999999999835
0.4640999999999451
0.975500000000018
1.6720999999999986
1.2904999999999944
0.5998999999999977
0.18089999999999912
0.036500000000000074
0.005100000000000026
0.0004999999999999986
9.999999999999988e-05
0.0
0.0
0.0
0.0
0.0
0.0
0.0
0.0
0.0
0.0
0.0
0.0
0.0
0.0
0.0
0.0
0.0
0.0
0.0
0.0
0.0
0.0
0.0
0.0
0.0
0.0
0.0
0.0
0.0
0.0
0.0
0.0
0.0
0.0
0.0
0.0
0.0
0.0
0.0
0.0
0.0
0.0
0.0
0.0
0.0
0.0
0.0
0.0
0.0
0.0
0.0
0.0
0.0
0.0
0.0
0.0
0.0
0.0
0.0
0.0
0.0
0.0
0.0
0.0
0.0
0.0
0.0
0.0
0.0
0.0
0.0
0.0
0.0
0.0
0.0
0.0
0.0
0.0
0.0
0.0
0.0
0.0
0.0
0.0
0.0
0.0
0.0
0.0
0.0
0.0
0.0
0.0
0.0
0.0
0.0
0.0
0.0
0.0
0.0
0.0
0.0
0.0
0.0
0.0
0.0
0.0
0.0
0.0
0.0
0.0
0.0
0.0
0.0
0.0
0.0
0.0
0.0
0.0
0.0
0.0
0.0
0.0
0.0
0.0
0.0
0.0
0.0
0.0
0.0
0.0
0.0
0.0
0.0
0.0
0.0
0.0
0.0
0.0
0.0
0.0
0.0
0.0
0.0
0.0
0.0
0.0
0.0
0.0
0.0
0.0
0.0
0.0
0.0
0.0
0.0
0.0
0.0
0.0
0.0
0.0
0.0
0.0
0.0
0.0
0.0
0.0
0.0
0.0
0.0
0.0
0.0
0.0
0.0
0.0
0.0
0.00040000000000000024
0.003799999999999995
0.028399999999999953
0.14160000000000006
0.4718
1.0164000000000006
1.3044999999999973
0.7030000000000092
0.5282999999999927
1.289399999999996
1.114599999999999
0.5606
0.1808999999999998
0.038799999999999946
0.005699999999999998
0.0005999999999999996
0.0
0.0
0.0
0.0
0.0
0.0
0.0
0.0
0.0
0.0
0.0
0.0
0.0
0.0
0.0
0.0
0.0
0.0
0.0
0.0
0.0
0.0
0.0
0.0
0.0
0.0
0.0
0.0
9.999999999999988e-05
0.001299999999999999
0.011800000000000005
0.07209999999999994
0.29880000000000045
0.8170000000000011
1.407500000000006
1.3473000000000068
0.39519999999999555
0.06369999999999987
1.9145999999999885
5.996300000000021
8.096799999999948
3.9968000000000004
3.97419999999995
8.554900000000032
7.153400000000021
3.5328999999999944
1.1272000000000033
0.24050000000000044
0.034900000000000035
0.003399999999999996
0.0003000000000000002
0.0
0.0
0.0
0.0
0.0
0.0
0.0
0.0
0.0
0.0
0.0
0.0
0.0
0.0
0.0
0.0
0.0
0.0
0.0
0.0
0.0
0.0
0.0
0.0
0.0
0.0
0.0
0.0
0.0
0.0
0.0
0.0
0.0
0.0
0.0
0.0
0.0
0.0
0.0
0.0
0.0
0.0
0.0
0.0
0.0
0.0
0.0
0.0
0.0
0.0
0.0
0.0
0.0
0.0
0.0
0.0
0.0
0.0
0.0
0.0
0.0
0.0
0.0
0.0
0.0
0.0
0.0
0.0
0.0
0.0
0.0
0.0
0.0
0.0
0.0
0.0
0.0
0.0
0.0
0.0
0.0
0.0
0.0
0.0
0.0
0.0
0.0
0.0
0.0
0.0
0.0
0.0
0.0
0.0
0.0
0.0
0.0
0.0
0.0
0.0
0.0
0.0
0.0
0.0
0.0
0.0
0.0
0.0
0.0
0.0
0.0
0.0
0.0
0.0
0.0
0.0
0.0
0.0
0.0
0.0
0.0
0.0
0.0
0.0
0.0
0.0
0.0
0.0
0.0
0.0
0.0
0.00010000000000000006
0.0014000000000000015
0.0134
0.08589999999999987
0.37199999999999944
1.0672000000000015
1.9412000000000096
1.9773999999999958
0.47479999999999745
1.4685999999999977
2.149499999999993
1.5045999999999948
0.6426000000000001
0.17890000000000023
0.033399999999999964
0.004199999999999999
0.00039999999999999953
0.0
0.0
0.0
0.0
0.0
0.0
0.0
0.0
0.0
0.0
0.0
0.0
0.0
0.0
0.0
0.0
0.0
0.0
0.0
0.0
0.0
0.0
0.0
0.0
0.0
0.0
0.0
0.0
0.0
0.0
0.0
0.0
0.0
0.0
0.0
0.0
0.0
0.0
0.0
0.0
0.0
0.0
0.0
0.0
0.0
0.0
0.0
0.0
0.0
0.0
0.0
0.0
0.0
0.0
0.0
0.0
9.999999999999998e-05
0.0012000000000000008
0.009299999999999987
0.04970000000000001
0.17960000000000026
0.42350000000000027
0.6096999999999991
0.4214000000000051
0.13140000000000374
0.5659000000000025
0.5604999999999999
0.31039999999999957
0.10890000000000014
0.025299999999999975
0.0039000000000000024
0.00040000000000000024
0.0
0.0
0.0
0.0
0.0
0.0
0.0
0.0
0.0
0.0
0.0
0.0
0.0
0.0
0.0
0.0
0.0
0.0
0.0
0.0
0.0
0.0
0.0
0.0
0.0
0.0
0.0
0.0
0.0
0.0
0.0
0.0
0.0
0.0
0.0
0.0
0.0
0.0
0.0
0.0
0.0
9.999999999999999e-05
0.00019999999999999996
0.0025000000000000014
0.02410000000000003
0.16060000000000033
0.7228999999999999
2.1606000000000014
4.119600000000001
4.4896999999999965
1.4752999999999794
2.8918
4.734299999999991
3.5003000000000006
1.5616000000000019
0.4525000000000001
0.08780000000000003
0.011500000000000008
0.001100000000000001
0.0
0.0
0.0
0.0
0.0
0.0
0.0
0.0
0.0
0.0
0.0
0.0
0.0
0.0
0.0
0.0
0.0
0.0
0.0
0.0
0.0
0.0
0.0
0.0
0.0
0.0
0.0
0.0
0.0
0.0
0.0
0.0
0.0
0.0
0.0
0.0
0.0
9.999999999999999e-05
0.0002999999999999998
0.003400000000000001
0.02329999999999997
0.10669999999999985
0.32379999999999975
0.6284999999999985
0.7021999999999973
0.2534999999999954
0.4267999999999994
0.7324999999999998
0.5534000000000011
0.25109999999999993
0.07389999999999992
0.014499999999999996
0.0019000000000000002
0.00019999999999999996
0.0
0.0
0.0
0.0
0.0
0.0
0.0
0.0
0.0
0.0
0.0
0.0
0.0
0.0
0.0
0.0
0.0
0.0
0.0
0.0
0.0
0.0
0.0
0.0
0.0
0.0
0.0
0.0
0.0
0.0
0.0
0.0
0.0
0.0
0.0
0.0
0.0
0.0
0.0
0.0006000000000000001
0.009399999999999999
0.1082
0.8694000000000001
4.9
