0.0006000000000006
0.0009999999999996123
0.0014000000000014001
0.002000000000002
0.002799999999997249
0.004300000000001525
0.0070000000000014495
0.011399999999994748
0.017199999999983895
0.02689999999998527
0.025500000000011624
0.00039999999996709334
0.030199999999958038
0.039499999999970115
0.027200000000004998
0.011700000000003374
0.0034000000000006247
0.0005999999999999062
0.0
0.0
0.0
0.0
0.0
0.0
0.0
0.0
0.0
0.0
0.0
0.0
0.0
0.0
0.0
0.0
0.0
0.0
0.0
0.0
0.0
0.0
0.0
0.0
0.0
0.0
0.0
0.0
0.0
0.0
0.0
0.0
0.0
0.0
0.0
0.0
0.0
0.0
0.0
0.0
0.0
0.0
0.0
0.0
0.0
0.0
0.0
0.0
0.0
0.0
0.0
0.0
0.0
0.0
0.0
0.0
0.0
0.0
0.0
0.0
0.0
0.0
0.0
0.0008000000000000194
0.0061000000000002025
0.03270000000000217
0.11809999999999876
0.2813999999999872
0.41679999999999495
0.31050000000014677
0.057100000000076534
0.370999999999988
0.37490000000000023
0.17700000000000493
0.01989999999998382
0.003899999999967818
0.04349999999999632
0.07460000000001354
0.06410000000000027
0.0364000000000031
0.014700000000000824
0.00439999999999989
0.000899999999999946
0.00019999999999999402
0.0001000000000000004
0.0
0.0
0.0
0.0
0.0
0.0
0.0
0.00039999999999998804
0.002300000000000045
0.008800000000000474
0.023300000000001098
0.042199999999997795
0.06150000000000322
0.09990000000001942
0.17020000000003144
0.1951000000000036
0.06810000000001537
0.1431000000000182
0.24539999999997342
0.18929999999999225
0.08810000000000207
0.026500000000000135
0.005300000000000096
0.0008000000000000194
9.999999999999972e-05
0.0
0.0
0.0
0.0
0.0
0.0
0.0
0.0
0.0
0.0
0.0
0.0
0.0
0.0
0.0
0.0
0.0
0.0
0.0
0.0
0.0
0.0
0.0
0.0
0.0
0.0
0.0
0.0
0.0
0.0
0.0
0.0
0.0
0.0
0.0
0.0
0.0
0.0
0.0
0.0
0.0
0.0
0.0
0.0
0.0
0.0
0.0
0.0
0.0
0.0
0.0
0.0
0.0
0.0
0.0
0.0
0.0
0.0
0.0
0.0
0.0
0.0
0.0
0.0
0.0
0.0
0.0
0.0
0.0
0.0
0.0
0.0
0.0
0.0
0.0
0.0
0.0
0.0
0.0
0.0
0.0
0.0
0.0
0.0
0.0
0.0
0.0
0.0
0.0
0.0
0.0
0.0
0.0
0.0
0.0
0.0
0.0
0.0
0.0
0.0
0.0
0.0
0.0
0.0
0.0
0.0
0.0
0.0
0.0
0.0
0.0
0.0
0.0
0.0
0.0
0.0
0.0
0.0
0.0
0.0
0.0
0.0
0.0
0.0
0.0
0.0
0.0
0.0
0.0
0.0
0.0
0.0
0.0
0.0
0.0
0.0
0.0
0.0
0.0
0.0
0.0
0.0
0.0
0.0
0.0
0.0
0.0
0.0
0.0
0.0
0.0
0.0
0.0
0.0
0.0
0.0
0.0
0.0
0.0
0.0
0.0
0.0
0.0
0.0
0.0
0.0
0.0
0.0
0.0
0.0
0.0
0.0
0.0
0.0
0.0
0.0
0.0
0.0005000000000000013
0.00419999999999995
0.020799999999999985
0.06929999999999992
0.14919999999999933
0.19099999999999673
0.10230000000002182
0.07810000000001427
0.18899999999999473
0.16289999999999916
0.08179999999999854
0.026400000000000035
0.005600000000000049
0.000900000000000011
9.999999999999972e-05
0.0
0.0
0.0
0.0
0.0
0.0
0.0
0.0
0.0
0.0
0.0
0.0
0.0
0.0
0.0
0.0
0.0
0.0
0.0
0.0
0.0
0.0
0.0
0.0
0.0
0.0
0.0
0.0
9.999999999999988e-05
0.00019999999999999944
0.0018000000000000004
0.010600000000000019
0.043999999999999595
0.12010000000000076
0.20640000000000658
0.1970999999999945
0.05749999999999922
0.008099999999999774
0.28449999999999864
0.8830000000000116
1.1852000000000196
0.5767000000000522
0.5915000000000781
1.25510000000002
1.0438999999999865
0.5133999999999972
0.16319999999999946
0.03470000000000001
0.005099999999999983
0.0004999999999999959
0.00010000000000000006
0.0
0.0
0.0
0.0
0.0
0.0
0.0
0.0
0.0
0.0
0.0
0.0
0.0
0.0
0.0
0.0
0.0
0.0
0.0
0.0
0.0
0.0
0.0
0.0
0.0
0.0
0.0
0.0
0.0
0.0
0.0
0.0
0.0
0.0
0.0
0.0
0.0
0.0
0.0
0.0
0.0
0.0
0.0
0.0
0.0
0.0
0.0
0.0
0.0
0.0
0.0
0.0
0.0
0.0
0.0
0.0
0.0
0.0
0.0
0.0
0.0
0.0
0.0
0.0
0.0
0.0
0.0
0.0
0.0
0.0
0.0
0.0
0.0
0.0
0.0
0.0
0.0
0.0
0.0
0.0
0.0
0.0
0.0
0.0
0.0
0.0
0.0
0.0
0.0
0.0
0.0
0.0
0.0
0.0
0.0
0.0
0.0
0.0
0.0
0.0
0.0
0.0
0.0
0.0
0.0
0.0
0.0
0.0
0.0
0.0
0.0
0.0
0.0
0.0
0.0
0.0
0.0
0.0
0.0
0.0
0.0
0.0
0.0
0.0
0.0
0.0
0.0
0.0
0.0
0.0
0.0
0.0
0.00019999999999999944
0.0020000000000000052
0.01289999999999989
0.0556999999999995
0.1585000000000003
0.28610000000000024
0.28809999999999114
0.06479999999999819
0.21880000000000788
0.3147000000000011
0.21839999999999637
0.09250000000000091
0.025600000000000275
0.004700000000000017
0.0005999999999999983
9.999999999999972e-05
0.0
0.0
0.0
0.0
0.0
0.0
0.0
0.0
0.0
0.0
0.0
0.0
0.0
0.0
0.0
0.0
0.0
0.0
0.0
0.0
0.0
0.0
0.0
0.0
0.0
0.0
0.0
0.0
0.0
0.0
0.0
0.0
0.0
0.0
0.0
0.0
0.0
0.0
0.0
0.0
0.0
0.0
0.0
0.0
0.0
0.0
0.0
0.0
0.0
0.0
0.0
0.0
0.0
0.0
0.0
0.0
0.0
0.0002000000000000008
0.0014999999999999823
0.007699999999999981
0.02730000000000024
0.06349999999999967
0.08999999999999841
0.06030000000000202
0.02180000000000515
0.08430000000000382
0.08180000000000132
0.0445999999999995
0.015500000000000062
0.0036000000000000008
0.0005000000000000013
0.0
0.0
0.0
0.0
0.0
0.0
0.0
0.0
0.0
0.0
0.0
0.0
0.0
0.0
0.0
0.0
0.0
0.0
0.0
0.0
0.0
0.0
0.0
0.0
0.0
0.0
0.0
0.0
0.0
0.0
0.0
0.0
0.0
0.0
0.0
0.0
0.0
0.0
0.0
0.0
0.0
0.0
0.0
9.999999999999988e-05
0.00030000000000000187
0.0036000000000000008
0.024000000000000063
0.10760000000000075
0.32010000000000094
0.6068999999999991
0.6560000000000121
0.20859999999998102
0.4303000000000168
0.6942000000000004
0.5097000000000018
0.2261000000000013
0.06519999999999998
0.012600000000000111
0.0015999999999999955
0.0002000000000000008
0.0
0.0
0.0
0.0
0.0
0.0
0.0
0.0
0.0
0.0
0.0
0.0
0.0
0.0
0.0
0.0
0.0
0.0
0.0
0.0
0.0
0.0
0.0
0.0
0.0
0.0
0.0
0.0
0.0
0.0
0.0
0.0
0.0
0.0
0.0
0.0
0.0
0.0
9.999999999999972e-05
0.0005000000000000013
0.0034999999999999875
0.01599999999999987
0.04809999999999953
0.09279999999999844
0.10249999999999981
0.035599999999996745
0.06390000000000007
0.10749999999999926
0.08050000000000002
0.03620000000000012
0.010599999999999932
0.0020000000000000052
0.00030000000000000187
0.0
0.0
0.0
0.0
0.0
0.0
0.0
0.0
0.0
0.0
0.0
0.0
0.0
0.0
0.0
0.0
0.0
0.0
0.0
0.0
0.0
0.0
0.0
0.0
0.0
0.0
0.0
0.0
0.0
0.0
0.0
0.0
0.0
0.0
0.0
0.0
0.0
0.0
0.0
0.0
0.0
0.00019999999999999944
0.002099999999999997
0.014300000000000077
0.06600000000000009
0.2019999999999994
0.3953999999999902
0.4471000000000114
0.1682999999999879
0.263800000000014
0.4638000000000031
0.35399999999999876
0.16200000000000103
0.048000000000000126
0.009500000000000047
0.0011999999999999966
0.00020000000000000012
0.0
0.0
0.0
0.0
0.0
0.0
0.0
0.0
0.0
0.0
0.0
0.0
0.0
0.0
0.0
0.0
0.0
0.0
0.0
0.0
0.0
0.0007000000000000008
0.005799999999999989
0.03510000000000006
0.14289999999999997
0.38719999999999866
0.6675999999999904
0.6402000000000019
0.11499999999999844
0.5131999999999914
0.7106999999999974
0.48880000000000035
0.20789999999999975
0.05819999999999992
0.011099999999999999
0.0014000000000000015
0.0001000000000000004
0.0
0.0
0.0
0.0
0.0
0.0
0.0
0.0
0.0
0.0
0.0
0.0
0.0
0.0
0.0
0.0
0.0
0.0
0.0
0.0
0.0
0.0
0.0
0.0
0.0
0.0
0.0
0.0
0.0
0.0
0.0
0.0
0.0
0.0
0.0
0.0
0.0
0.0
0.0
0.0
0.0
0.0
0.0
0.0
0.0
0.0
0.0
0.0
0.0
0.0
0.0
0.0
0.0
0.0
0.0
0.0
0.0
0.0
0.0
0.0
0.0
0.0
0.0
0.0
0.0
0.0
0.0
0.0
0.0
0.0
0.0
0.0
0.0
0.0
0.0
0.0
0.0
0.0
0.0
0.0
0.0
0.00019999999999999998
0.0051
0.0781
