0.0
0.0
0.0
0.0
0.0
0.0
0.0
0.0
0.0
0.0
0.0
0.0
0.0
0.0
0.0
0.0
0.0
0.0
0.0
0.0
0.0
0.0
0.0
0.0
0.0
0.0
0.0
0.0
0.0
0.0
0.0
0.0
0.0
0.0
0.0
0.0
0.0
0.0
0.0
0.0004000000000000016
0.004200000000000015
0.02909999999999996
0.13880000000000003
0.44480000000000075
0.9301000000000004
1.185499999999995
0.7187000000000054
0.19139999999997492
0.6450999999999762
0.3997999999999724
0.11470000000000091
0.21619999999999973
0.40890000000000093
0.4348999999999936
0.4385000000000083
0.4657000000000022
0.3832000000000002
0.21089999999999998
0.07039999999999963
0.02149999999999999
0.1580000000000012
0.4381000000000024
0.8257999999999988
1.1291000000000162
1.221300000000003
1.022000000000034
0.31440000000002577
0.6909000000000276
1.1060999999999765
0.610899999999992
0.058800000000003294
0.20379999999999843
0.6479999999999819
0.548599999999988
0.11079999999998869
0.5594000000000099
0.33170000000000144
0.2685999999999966
0.7017000000000051
0.6660999999999917
0.22250000000000325
0.1790999999999987
0.10069999999999801
0.3143000000000007
0.545699999999999
0.40000000000000036
0.06180000000000074
0.33259999999999956
0.7415000000000005
1.0870999999999964
1.474199999999981
2.165100000000031
2.8235999999999706
2.442000000000011
0.8704999999999963
0.5442000000000391
1.0610999999999926
1.6599000000000252
2.5727999999999973
2.282900000000021
0.3234000000000181
1.439799999999991
1.1744999999999894
0.5926999999999794
1.9443000000000321
2.085500000000007
1.5425000000000022
0.891900000000001
0.3949999999999995
0.12739999999999974
0.02890000000000002
0.004099999999999991
0.004799999999999997
0.03810000000000002
0.18440000000000054
0.5939
1.2332999999999983
1.5234999999999999
0.854900000000014
0.04850000000000687
0.6553000000000031
3.5035999999999845
6.222699999999959
5.542000000000069
1.0925999999999547
3.651499999999963
5.468899999999977
4.1922000000000015
0.7865999999999929
4.236899999999988
9.116400000000002
9.66079999999998
3.8285000000000124
3.4119000000000455
6.2239999999999185
5.977300000000074
6.322699999999948
6.4994
4.764799999999991
2.0325999999999955
0.24819999999999842
1.5707000000000026
1.50030000000001
0.032399999999999096
1.4836000000000071
1.6555000000000097
0.6012000000000017
0.6962999999999997
1.3103000000000087
0.6901000000000046
0.6556000000000006
1.4442000000000066
1.2104999999999977
0.5956000000000017
0.18850000000000047
0.03970000000000007
0.005199999999999996
0.0043999999999999985
0.035799999999999985
0.17689999999999997
0.5824999999999997
1.238499999999998
1.561800000000002
0.8025000000000171
0.6857000000000113
1.5713000000000088
1.333200000000001
0.6618000000000013
0.21110000000000018
0.044799999999999965
0.006499999999999995
0.0005999999999999996
9.999999999999998e-05
0.0
0.0
0.0
0.0007000000000000001
0.006999999999999997
0.05159999999999999
0.2567
0.8532999999999985
1.833800000000002
2.3454000000000086
1.249699999999998
0.9746000000000032
2.3393999999999915
2.0148999999999972
1.0113000000000012
0.3258000000000004
0.06980000000000007
0.01020000000000001
0.001
0.0
0.0
0.0
0.0
0.0
0.0
0.0
0.0
0.0
0.0
0.0
0.0
0.0
0.0
0.0
0.0
0.0
0.0
0.00020000000000000012
0.0021999999999999993
0.017900000000000013
0.09989999999999999
0.38590000000000013
1.0169999999999986
1.762199999999997
1.7939000000000038
0.5336999999999925
1.2060999999999988
1.9812000000000052
1.5288000000000024
0.7261000000000004
0.22700000000000012
0.047900000000000026
0.006899999999999995
0.0006999999999999995
0.0
0.0
0.0
0.0
0.0
0.0
0.0
0.0
0.0
0.0
0.0
0.0
0.0
0.0
0.0
0.00019999999999999996
0.002
0.01510000000000001
0.07780000000000001
0.2675999999999998
0.596200000000001
0.7996000000000003
0.47629999999999617
0.27000000000000357
0.7761999999999991
0.7045999999999997
0.3672000000000002
0.12230000000000002
0.027000000000000027
0.004
0.0003999999999999999
9.999999999999999e-05
0.0
0.0
0.0
0.0
0.0
0.0
0.0
0.0
0.0
0.0
0.0
0.0
0.0
0.0
0.0
0.0
0.0
0.0
0.0
0.0
0.0
0.0
0.0
0.0
0.0
0.0
0.0
0.0
9.999999999999999e-05
0.0005000000000000003
0.006300000000000002
0.04880000000000002
0.256
0.8990999999999999
2.0531000000000024
2.8397000000000006
1.8084999999999907
0.812400000000002
2.7084999999999915
2.5505999999999975
1.3645999999999991
0.46479999999999994
0.10499999999999989
0.0161
0.0015999999999999996
9.999999999999998e-05
0.0
0.0
0.0
0.0
0.0
0.0
0.0
0.0
0.0
0.0
0.0
0.0
0.0
0.0
0.0
0.0
0.0
0.0
0.0
0.0
0.0
0.0
0.0
0.0
0.0
0.0
0.0
0.0
0.0
0.0
0.0
9.999999999999998e-05
0.0013999999999999996
0.012799999999999997
0.08280000000000007
0.3646
1.0654999999999997
1.9908999999999955
2.176100000000003
1.0239999999999916
0.13179999999999303
0.4925999999999986
2.158099999999996
2.2035999999999945
0.34730000000000594
3.2564999999999955
3.951799999999994
2.628000000000003
1.1058
0.3081999999999998
0.05799999999999998
0.007500000000000003
0.0006999999999999998
9.999999999999999e-05
0.0
0.0
0.00010000000000000002
0.0012999999999999997
0.015200000000000002
0.12110000000000003
0.6569999999999999
2.391300000000002
5.685300000000004
8.302600000000005
6.0815000000000285
0.6347000000000325
5.188900000000007
4.081099999999993
1.7019000000000117
1.9326999999999872
2.6202999999999976
0.903799999999999
1.7537999999999943
1.919599999999999
0.8296000000000081
3.286600000000006
2.990499999999996
0.4832000000000003
2.7596000000000007
5.138000000000009
4.64
1.2733000000000105
2.1538999999999975
3.829899999999986
4.133399999999998
3.431099999999998
2.0659999999999985
0.8572999999999997
0.24159999999999998
0.04619999999999998
0.0047
0.012300000000000005
0.0862
0.39009999999999984
1.1714000000000002
2.2479000000000027
2.4957000000000007
1.0464999999999947
0.5874000000000046
0.35080000000000666
3.7343000000000015
5.37780000000001
1.8844000000000083
3.985700000000003
6.580999999999992
4.909600000000003
2.207799999999999
0.6445
0.12589999999999996
0.016699999999999993
0.0014999999999999998
9.999999999999998e-05
0.0
0.0
0.0
0.0
0.0
0.0
0.00019999999999999996
0.0021000000000000007
0.017599999999999994
0.09819999999999994
0.36780000000000007
0.9018999999999999
1.3623999999999996
1.0295999999999972
0.18019999999999703
1.2298999999999949
1.3008999999999993
0.7530999999999997
0.2746000000000002
0.06610000000000002
0.010800000000000002
0.0008000000000000005
0.005699999999999998
0.05780000000000004
0.39369999999999994
1.8174999999999997
5.578300000000002
10.962799999999984
12.459699999999962
4.766599999999999
7.283399999999984
12.936799999999993
9.927800000000008
4.561799999999999
1.3577000000000006
0.27009999999999984
0.03649999999999999
0.0168
0.0065
0.0017
0.0
0.0
0.0
0.0
0.0
0.0
0.0
