0.008900000000000574
0.014200000000000323
0.020200000000000773
0.027900000000000147
0.040200000000001346
0.062400000000006894
0.10189999999999921
0.16449999999998965
0.24839999999999307
0.38799999999996615
0.3678999999999988
0.007199999999940587
0.4348999999999492
0.5700000000000038
0.3923000000000121
0.16880000000000228
0.04800000000000082
0.009199999999999833
0.0011999999999999858
9.999999999999972e-05
0.0
0.0
0.0
0.0
0.0
0.0
0.0
0.0
0.0
0.0
0.0
0.0
0.0
0.0
0.0
0.0
0.0
0.0
0.0
0.0
0.0
0.0
0.0
0.0
0.0
0.0
0.0
0.0
0.0
0.0
0.0
0.0
0.0
0.0
0.0
0.0
0.0
0.0
0.0
0.0
0.0
0.0
0.0
0.0
0.0
0.0
0.0
0.0
0.0
0.0
0.0
0.0
0.0
0.0
0.0
0.0
0.0
0.0
0.0
0.0
0.0009000000000000002
0.011000000000000029
0.08580000000000011
0.4601000000000022
1.6732999999999998
4.0223999999999815
6.019299999999994
4.568700000000092
0.7111999999999341
5.320099999999961
5.4678
2.625199999999994
0.3117999999999732
0.07150000000000212
0.6083999999999978
1.0751000000000177
0.9379000000000026
0.5371999999999988
0.21940000000000015
0.06529999999999973
0.01399999999999995
0.0021999999999999993
0.0003000000000000005
0.0
0.0
0.0
0.0
0.0
0.00010000000000000006
0.0005999999999999983
0.005699999999999998
0.03290000000000012
0.12800000000000034
0.3358
0.6077999999999972
0.8865000000000012
1.439900000000005
2.4584000000000383
2.8256999999999977
0.9967999999999755
2.060100000000009
3.5479999999999734
2.7441999999999966
1.2777999999999956
0.38600000000000023
0.07799999999999994
0.010800000000000002
0.001
9.999999999999988e-05
0.0
0.0
0.0
0.0
0.0
0.0
0.0
0.0
0.0
0.0
0.0
0.0
0.0
0.0
0.0
0.0
0.0
0.0
0.0
0.0
0.0
0.0
0.0
0.0
0.0
0.0
0.0
0.0
0.0
0.0
0.0
0.0
0.0
0.0
0.0
0.0
0.0
0.0
0.0
0.0
0.0
0.0
0.0
0.0
0.0
0.0
0.0
0.0
0.0
0.0
0.0
0.0
0.0
0.0
0.0
0.0
0.0
0.0
0.0
0.0
0.0
0.0
0.0
0.0
0.0
0.0
0.0
0.0
0.0
0.0
0.0
0.0
0.0
0.0
0.0
0.0
0.0
0.0
0.0
0.0
0.0
0.0
0.0
0.0
0.0
0.0
0.0
0.0
0.0
0.0
0.0
0.0
0.0
0.0
0.0
0.0
0.0
0.0
0.0
0.0
0.0
0.0
0.0
0.0
0.0
0.0
0.0
0.0
0.0
0.0
0.0
0.0
0.0
0.0
0.0
0.0
0.0
0.0
0.0
0.0
0.0
0.0
0.0
0.0
0.0
0.0
0.0
0.0
0.0
0.0
0.0
0.0
0.0
0.0
0.0
0.0
0.0
0.0
0.0
0.0
0.0
0.0
0.0
0.0
0.0
0.0
0.0
0.0
0.0
0.0
0.0
0.0
0.0
0.0
0.0
0.0
0.0
0.0
0.0
0.0
0.0
0.0
0.0
0.0
0.0
0.0
0.0
0.0
0.0
0.0
0.0
0.0
0.0
0.0
0.0
0.0007000000000000001
0.007899999999999997
0.058399999999999945
0.2931000000000003
0.9827000000000002
2.1316999999999977
2.7613
1.521400000000006
1.078800000000002
2.7177000000000007
2.3731999999999975
1.202499999999998
0.39059999999999995
0.08439999999999992
0.012399999999999998
0.0013000000000000004
9.999999999999998e-05
0.0
0.0
0.0
0.0
0.0
0.0
0.0
0.0
0.0
0.0
0.0
0.0
0.0
0.0
0.0
0.0
0.0
0.0
0.0
0.0
0.0
0.0
0.0
0.0
0.0
0.0
9.999999999999999e-05
0.00019999999999999996
0.002599999999999998
0.02410000000000001
0.14870000000000005
0.6199999999999997
1.7071000000000003
2.965400000000007
2.8721999999999914
0.874100000000011
0.15210000000001056
3.9348999999999856
12.552200000000013
17.160499999999956
8.70829999999998
8.152200000000054
18.060800000000032
15.259199999999984
7.595400000000008
2.440299999999998
0.5240000000000001
0.07650000000000001
0.007599999999999995
0.0006000000000000001
0.0
0.0
0.0
0.0
0.0
0.0
0.0
0.0
0.0
0.0
0.0
0.0
0.0
0.0
0.0
0.0
0.0
0.0
0.0
0.0
0.0
0.0
0.0
0.0
0.0
0.0
0.0
0.0
0.0
0.0
0.0
0.0
0.0
0.0
0.0
0.0
0.0
0.0
0.0
0.0
0.0
0.0
0.0
0.0
0.0
0.0
0.0
0.0
0.0
0.0
0.0
0.0
0.0
0.0
0.0
0.0
0.0
0.0
0.0
0.0
0.0
0.0
0.0
0.0
0.0
0.0
0.0
0.0
0.0
0.0
0.0
0.0
0.0
0.0
0.0
0.0
0.0
0.0
0.0
0.0
0.0
0.0
0.0
0.0
0.0
0.0
0.0
0.0
0.0
0.0
0.0
0.0
0.0
0.0
0.0
0.0
0.0
0.0
0.0
0.0
0.0
0.0
0.0
0.0
0.0
0.0
0.0
0.0
0.0
0.0
0.0
0.0
0.0
0.0
0.0
0.0
0.0
0.0
0.0
0.0
0.0
0.0
0.0
0.0
0.0
0.0
0.0
0.0
0.0
0.0
0.0
0.00020000000000000004
0.0029
0.02710000000000002
0.17549999999999996
0.7666
2.2189000000000014
4.078400000000004
4.218199999999994
1.0974999999999957
3.039600000000009
4.555100000000001
3.2272999999999996
1.3919000000000001
0.3911000000000001
0.07360000000000001
0.009399999999999995
0.0007999999999999998
0.0
0.0
0.0
0.0
0.0
0.0
0.0
0.0
0.0
0.0
0.0
0.0
0.0
0.0
0.0
0.0
0.0
0.0
0.0
0.0
0.0
0.0
0.0
0.0
0.0
0.0
0.0
0.0
0.0
0.0
0.0
0.0
0.0
0.0
0.0
0.0
0.0
0.0
0.0
0.0
0.0
0.0
0.0
0.0
0.0
0.0
0.0
0.0
0.0
0.0
0.0
0.0
0.0
0.0
0.0
0.0
0.00019999999999999996
0.0023000000000000004
0.0186
0.1013
0.36970000000000025
0.881599999999999
1.2872999999999997
0.914100000000001
0.24600000000000177
1.1846999999999996
1.1957999999999998
0.6707999999999998
0.23809999999999995
0.055900000000000005
0.008800000000000002
0.0009000000000000002
0.00010000000000000002
0.0
0.0
0.0
0.0
0.0
0.0
0.0
0.0
0.0
0.0
0.0
0.0
0.0
0.0
0.0
0.0
0.0
0.0
0.0
0.0
0.0
0.0
0.0
0.0
0.0
0.0
0.0
0.0
0.0
0.0
0.0
0.0
0.0
0.0
0.0
0.0
0.0
0.0
0.0
0.0
9.999999999999999e-05
0.0003999999999999999
0.0049
0.04830000000000002
0.3250000000000001
1.4785000000000006
4.468499999999997
8.6295
9.576000000000008
3.372699999999984
5.9145
10.020600000000002
7.527600000000001
3.4011999999999984
0.997
0.1955
0.026000000000000002
0.0024000000000000002
0.00010000000000000006
0.0
0.0
0.0
0.0
0.0
0.0
0.0
0.0
0.0
0.0
0.0
0.0
0.0
0.0
0.0
0.0
0.0
0.0
0.0
0.0
0.0
0.0
0.0
0.0
0.0
0.0
0.0
0.0
0.0
0.0
0.0
0.0
0.0
0.0
0.0
0.0
9.999999999999999e-05
0.0006999999999999998
0.0068
0.04689999999999998
0.217
0.6670999999999996
1.313699999999998
1.497599999999999
0.5799999999999972
0.8654999999999968
1.5488000000000002
1.191800000000001
0.5486999999999999
0.16359999999999994
0.03259999999999999
0.004400000000000001
0.0004000000000000001
9.999999999999999e-05
0.0
0.0
0.0
0.0
0.0
0.0
0.0
0.0
0.0
