0.010800000000001087
0.017200000000000548
0.024500000000002298
0.033800000000000496
0.04870000000000152
0.07559999999999789
0.12329999999999286
0.1991000000000076
0.30079999999998996
0.4697999999999869
0.4455000000000098
0.008799999999986596
0.5265999999999771
0.6901999999999742
0.4750000000000032
0.2043000000000017
0.058100000000001206
0.011099999999999999
0.0014000000000000123
9.999999999999972e-05
0.0
0.0
0.0
0.0
0.0
0.0
0.0
0.0
0.0
0.0
0.0
0.0
0.0
0.0
0.0
0.0
0.0
0.0
0.0
0.0
0.0
0.0
0.0
0.0
0.0
0.0
0.0
0.0
0.0
0.0
0.0
0.0
0.0
0.0
0.0
0.0
0.0
0.0
0.0
0.0
0.0
0.0
0.0
0.0
0.0
0.0
0.0
0.0
0.0
0.0
0.0
0.0
0.0
0.0
0.0
0.0
0.0
0.0
0.0
0.0
0.0010999999999999996
0.013200000000000017
0.10340000000000002
0.5547000000000024
2.019599999999999
4.860100000000012
7.282100000000025
5.539800000000028
0.8435999999999666
6.43060000000002
6.622000000000039
3.1849999999999934
0.3814999999999902
0.08610000000000007
0.7357000000000058
1.3011000000000106
1.1355000000000004
0.6505000000000039
0.26570000000000066
0.0789999999999999
0.017
0.002599999999999998
0.0003000000000000005
0.0
0.0
0.0
0.0
0.0
0.00010000000000000006
0.0007999999999999978
0.006900000000000005
0.03960000000000005
0.15450000000000047
0.4061000000000009
0.7356999999999947
1.0720000000000063
1.7372000000000165
2.967399999999998
3.4218999999999777
1.2233999999999412
2.47679999999999
4.2928999999999995
3.3304
1.554500000000003
0.4706000000000002
0.0952999999999999
0.013200000000000017
0.0011999999999999992
9.999999999999988e-05
0.0
0.0
0.0
0.0
0.0
0.0
0.0
0.0
0.0
0.0
0.0
0.0
0.0
0.0
0.0
0.0
0.0
0.0
0.0
0.0
0.0
0.0
0.0
0.0
0.0
0.0
0.0
0.0
0.0
0.0
0.0
0.0
0.0
0.0
0.0
0.0
0.0
0.0
0.0
0.0
0.0
0.0
0.0
0.0
0.0
0.0
0.0
0.0
0.0
0.0
0.0
0.0
0.0
0.0
0.0
0.0
0.0
0.0
0.0
0.0
0.0
0.0
0.0
0.0
0.0
0.0
0.0
0.0
0.0
0.0
0.0
0.0
0.0
0.0
0.0
0.0
0.0
0.0
0.0
0.0
0.0
0.0
0.0
0.0
0.0
0.0
0.0
0.0
0.0
0.0
0.0
0.0
0.0
0.0
0.0
0.0
0.0
0.0
0.0
0.0
0.0
0.0
0.0
0.0
0.0
0.0
0.0
0.0
0.0
0.0
0.0
0.0
0.0
0.0
0.0
0.0
0.0
0.0
0.0
0.0
0.0
0.0
0.0
0.0
0.0
0.0
0.0
0.0
0.0
0.0
0.0
0.0
0.0
0.0
0.0
0.0
0.0
0.0
0.0
0.0
0.0
0.0
0.0
0.0
0.0
0.0
0.0
0.0
0.0
0.0
0.0
0.0
0.0
0.0
0.0
0.0
0.0
0.0
0.0
0.0
0.0
0.0
0.0
0.0
0.0
0.0
0.0
0.0
0.0
0.0
0.0
0.0
0.0
0.0
0.0
0.0009000000000000002
0.0094
0.06989999999999999
0.3518
1.1825
2.5731999999999977
3.346899999999997
1.862000000000008
1.2858000000000036
3.2877000000000045
2.8841000000000006
1.4662999999999982
0.4776999999999997
0.10349999999999995
0.015200000000000002
0.0015999999999999996
9.999999999999998e-05
0.0
0.0
0.0
0.0
0.0
0.0
0.0
0.0
0.0
0.0
0.0
0.0
0.0
0.0
0.0
0.0
0.0
0.0
0.0
0.0
0.0
0.0
0.0
0.0
0.0
0.0
9.999999999999999e-05
0.0002999999999999998
0.0030999999999999995
0.028700000000000014
0.1776999999999999
0.7432000000000007
2.0532999999999997
3.5807000000000033
3.4881999999999858
1.0809999999999986
0.1902999999999988
4.701
15.1173
20.779899999999962
10.670300000000044
9.728900000000085
21.834000000000042
18.531399999999998
9.255900000000006
2.9829999999999997
0.6425000000000001
0.0941
0.009399999999999995
0.0007000000000000004
0.0
0.0
0.0
0.0
0.0
0.0
0.0
0.0
0.0
0.0
0.0
0.0
0.0
0.0
0.0
0.0
0.0
0.0
0.0
0.0
0.0
0.0
0.0
0.0
0.0
0.0
0.0
0.0
0.0
0.0
0.0
0.0
0.0
0.0
0.0
0.0
0.0
0.0
0.0
0.0
0.0
0.0
0.0
0.0
0.0
0.0
0.0
0.0
0.0
0.0
0.0
0.0
0.0
0.0
0.0
0.0
0.0
0.0
0.0
0.0
0.0
0.0
0.0
0.0
0.0
0.0
0.0
0.0
0.0
0.0
0.0
0.0
0.0
0.0
0.0
0.0
0.0
0.0
0.0
0.0
0.0
0.0
0.0
0.0
0.0
0.0
0.0
0.0
0.0
0.0
0.0
0.0
0.0
0.0
0.0
0.0
0.0
0.0
0.0
0.0
0.0
0.0
0.0
0.0
0.0
0.0
0.0
0.0
0.0
0.0
0.0
0.0
0.0
0.0
0.0
0.0
0.0
0.0
0.0
0.0
0.0
0.0
0.0
0.0
0.0
0.0
0.0
0.0
0.0
0.0
0.0
0.00020000000000000004
0.0034
0.0322
0.2088999999999999
0.9165
2.6642
4.921200000000003
5.1270999999999844
1.3833999999999902
3.639900000000007
5.518999999999997
3.9336999999999955
1.7048999999999994
0.4812
0.09099999999999998
0.011699999999999997
0.001
0.0
0.0
0.0
0.0
0.0
0.0
0.0
0.0
0.0
0.0
0.0
0.0
0.0
0.0
0.0
0.0
0.0
0.0
0.0
0.0
0.0
0.0
0.0
0.0
0.0
0.0
0.0
0.0
0.0
0.0
0.0
0.0
0.0
0.0
0.0
0.0
0.0
0.0
0.0
0.0
0.0
0.0
0.0
0.0
0.0
0.0
0.0
0.0
0.0
0.0
0.0
0.0
0.0
0.0
0.0
0.0
0.00019999999999999996
0.0028000000000000004
0.022099999999999995
0.12069999999999997
0.44270000000000004
1.0604000000000002
1.5573000000000004
1.1181000000000052
0.28160000000000407
1.4280000000000015
1.4530000000000016
0.8196000000000002
0.2923
0.069
0.010900000000000005
0.0012000000000000001
0.00010000000000000002
0.0
0.0
0.0
0.0
0.0
0.0
0.0
0.0
0.0
0.0
0.0
0.0
0.0
0.0
0.0
0.0
0.0
0.0
0.0
0.0
0.0
0.0
0.0
0.0
0.0
0.0
0.0
0.0
0.0
0.0
0.0
0.0
0.0
0.0
0.0
0.0
0.0
0.0
0.0
0.0
9.999999999999999e-05
0.0003999999999999999
0.0058
0.05730000000000002
0.38650000000000023
1.7654000000000003
5.358600000000003
10.399999999999999
11.62160000000001
4.1993999999999865
7.058300000000006
12.125199999999992
9.166000000000007
4.1621999999999995
1.2256000000000002
0.24140000000000011
0.0322
0.0029999999999999996
0.00020000000000000004
0.0
0.0
0.0
0.0
0.0
0.0
0.0
0.0
0.0
0.0
0.0
0.0
0.0
0.0
0.0
0.0
0.0
0.0
0.0
0.0
0.0
0.0
0.0
0.0
0.0
0.0
0.0
0.0
0.0
0.0
