0.005200000000001037
0.008299999999999974
0.011900000000000799
0.016499999999999848
0.023699999999998722
0.0368000000000035
0.05999999999999339
0.09689999999999976
0.1462999999999992
0.22859999999997882
0.216700000000003
0.004199999999965343
0.2561999999999287
0.3357999999999972
0.2310999999999952
0.09940000000000504
0.028300000000000547
0.005399999999999849
0.0007000000000000062
9.999999999999972e-05
0.0
0.0
0.0
0.0
0.0
0.0
0.0
0.0
0.0
0.0
0.0
0.0
0.0
0.0
0.0
0.0
0.0
0.0
0.0
0.0
0.0
0.0
0.0
0.0
0.0
0.0
0.0
0.0
0.0
0.0
0.0
0.0
0.0
0.0
0.0
0.0
0.0
0.0
0.0
0.0
0.0
0.0
0.0
0.0
0.0
0.0
0.0
0.0
0.0
0.0
0.0
0.0
0.0
0.0
0.0
0.0
0.0
0.0
0.0
0.0
0.0005999999999999983
0.006600000000000009
0.05160000000000026
0.27550000000000074
0.9982999999999964
2.3895
3.557299999999941
2.675400000000039
0.4531000000000063
3.155299999999883
3.217900000000018
1.5338000000000296
0.17599999999999838
0.04299999999997084
0.36009999999999653
0.6345000000000045
0.5526000000000031
0.3161999999999998
0.12910000000000005
0.03839999999999989
0.00819999999999996
0.001299999999999999
0.00020000000000000012
0.0
0.0
0.0
0.0
0.0
0.0
0.0003999999999999989
0.003399999999999996
0.019399999999999973
0.07540000000000047
0.19790000000000085
0.3581999999999974
0.5226999999999982
0.8485000000000076
1.446100000000028
1.6576999999999842
0.5786999999999765
1.2163000000000146
2.0849999999999813
1.6091000000000077
0.7479999999999987
0.2255999999999994
0.045500000000000054
0.006300000000000012
0.0005999999999999983
9.999999999999988e-05
0.0
0.0
0.0
0.0
0.0
0.0
0.0
0.0
0.0
0.0
0.0
0.0
0.0
0.0
0.0
0.0
0.0
0.0
0.0
0.0
0.0
0.0
0.0
0.0
0.0
0.0
0.0
0.0
0.0
0.0
0.0
0.0
0.0
0.0
0.0
0.0
0.0
0.0
0.0
0.0
0.0
0.0
0.0
0.0
0.0
0.0
0.0
0.0
0.0
0.0
0.0
0.0
0.0
0.0
0.0
0.0
0.0
0.0
0.0
0.0
0.0
0.0
0.0
0.0
0.0
0.0
0.0
0.0
0.0
0.0
0.0
0.0
0.0
0.0
0.0
0.0
0.0
0.0
0.0
0.0
0.0
0.0
0.0
0.0
0.0
0.0
0.0
0.0
0.0
0.0
0.0
0.0
0.0
0.0
0.0
0.0
0.0
0.0
0.0
0.0
0.0
0.0
0.0
0.0
0.0
0.0
0.0
0.0
0.0
0.0
0.0
0.0
0.0
0.0
0.0
0.0
0.0
0.0
0.0
0.0
0.0
0.0
0.0
0.0
0.0
0.0
0.0
0.0
0.0
0.0
0.0
0.0
0.0
0.0
0.0
0.0
0.0
0.0
0.0
0.0
0.0
0.0
0.0
0.0
0.0
0.0
0.0
0.0
0.0
0.0
0.0
0.0
0.0
0.0
0.0
0.0
0.0
0.0
0.0
0.0
0.0
0.0
0.0
0.0
0.0
0.0
0.0
0.0
0.0
0.0
0.0
0.0
0.0
0.0
0.0
0.00040000000000000024
0.004699999999999995
0.03499999999999996
0.17510000000000026
0.584800000000002
1.2629000000000001
1.6264999999999974
0.8839000000000041
0.649999999999995
1.6051000000000037
1.392799999999994
0.7025000000000003
0.22729999999999972
0.048899999999999985
0.0072000000000000015
0.0008000000000000005
9.999999999999998e-05
0.0
0.0
0.0
0.0
0.0
0.0
0.0
0.0
0.0
0.0
0.0
0.0
0.0
0.0
0.0
0.0
0.0
0.0
0.0
0.0
0.0
0.0
0.0
0.0
0.0
0.0
0.0
0.00019999999999999996
0.0015999999999999981
0.014500000000000016
0.08909999999999994
0.3699000000000008
1.0137000000000007
1.7515000000000058
1.6836000000000073
0.5008000000000123
0.08150000000000102
2.365499999999998
7.449000000000039
10.095999999999972
5.025300000000055
4.908500000000071
10.655400000000004
8.937099999999987
4.424000000000006
1.4144000000000019
0.30230000000000046
0.044000000000000025
0.0042999999999999965
0.0003000000000000002
0.0
0.0
0.0
0.0
0.0
0.0
0.0
0.0
0.0
0.0
0.0
0.0
0.0
0.0
0.0
0.0
0.0
0.0
0.0
0.0
0.0
0.0
0.0
0.0
0.0
0.0
0.0
0.0
0.0
0.0
0.0
0.0
0.0
0.0
0.0
0.0
0.0
0.0
0.0
0.0
0.0
0.0
0.0
0.0
0.0
0.0
0.0
0.0
0.0
0.0
0.0
0.0
0.0
0.0
0.0
0.0
0.0
0.0
0.0
0.0
0.0
0.0
0.0
0.0
0.0
0.0
0.0
0.0
0.0
0.0
0.0
0.0
0.0
0.0
0.0
0.0
0.0
0.0
0.0
0.0
0.0
0.0
0.0
0.0
0.0
0.0
0.0
0.0
0.0
0.0
0.0
0.0
0.0
0.0
0.0
0.0
0.0
0.0
0.0
0.0
0.0
0.0
0.0
0.0
0.0
0.0
0.0
0.0
0.0
0.0
0.0
0.0
0.0
0.0
0.0
0.0
0.0
0.0
0.0
0.0
0.0
0.0
0.0
0.0
0.0
0.0
0.0
0.0
0.0
0.0
0.0
0.00010000000000000006
0.0018000000000000004
0.016600000000000014
0.1063999999999999
0.4617999999999997
1.3266
2.4171000000000054
2.468199999999987
0.6007000000000096
1.824400000000015
2.6801999999999992
1.8796999999999953
0.8040000000000005
0.2242000000000001
0.041899999999999965
0.005299999999999999
0.0005
0.0
0.0
0.0
0.0
0.0
0.0
0.0
0.0
0.0
0.0
0.0
0.0
0.0
0.0
0.0
0.0
0.0
0.0
0.0
0.0
0.0
0.0
0.0
0.0
0.0
0.0
0.0
0.0
0.0
0.0
0.0
0.0
0.0
0.0
0.0
0.0
0.0
0.0
0.0
0.0
0.0
0.0
0.0
0.0
0.0
0.0
0.0
0.0
0.0
0.0
0.0
0.0
0.0
0.0
0.0
0.0
9.999999999999998e-05
0.0014000000000000002
0.011399999999999995
0.061399999999999996
0.22240000000000004
0.5257999999999998
0.7595999999999992
0.5286000000000013
0.15920000000000378
0.7035000000000013
0.7001000000000007
0.3888999999999997
0.13679999999999995
0.031899999999999984
0.005000000000000003
0.0005
0.00010000000000000002
0.0
0.0
0.0
0.0
0.0
0.0
0.0
0.0
0.0
0.0
0.0
0.0
0.0
0.0
0.0
0.0
0.0
0.0
0.0
0.0
0.0
0.0
0.0
0.0
0.0
0.0
0.0
0.0
0.0
0.0
0.0
0.0
0.0
0.0
0.0
0.0
0.0
0.0
0.0
0.0
9.999999999999999e-05
0.0002999999999999998
0.0029999999999999996
0.029800000000000007
0.1987000000000001
0.8962000000000012
2.683600000000003
5.127300000000002
5.603800000000003
1.8621999999999694
3.586199999999984
5.902000000000007
4.374300000000009
1.9553000000000016
0.5676000000000001
0.11029999999999998
0.014499999999999996
0.0013000000000000004
0.00010000000000000006
0.0
0.0
0.0
0.0
0.0
0.0
0.0
0.0
0.0
0.0
0.0
0.0
0.0
0.0
0.0
0.0
0.0
0.0
0.0
0.0
0.0
0.0
0.0
0.0
0.0
0.0
0.0
0.0
0.0
0.0
0.0
0.0
0.0
0.0
0.0
0.0
9.999999999999999e-05
0.0003999999999999999
0.004199999999999999
0.028799999999999965
0.132
0.40169999999999995
0.7819999999999994
0.8774999999999977
0.321699999999997
0.5276999999999976
0.9136000000000005
0.6929000000000005
0.3153999999999997
0.09299999999999994
0.0183
0.0024000000000000015
0.00019999999999999996
0.0
0.0
0.0
0.0
0.0
0.0
0.0
0.0
0.0
0.0
0.0
0.0
0.0
0.0
0.0
0.0
0.0
0.0
0.0
0.0
0.0
0.0
0.0
0.0
0.0
0.0
0.0
0.0
0.0
0.0
0.0
0.0
0.0
0.0
0.0
0.0
0.0
0.0
0.0
9.999999999999998e-05
0.0015999999999999996
0.01690000000000001
0.11610000000000006
0.5402000000000005
1.6729999999999996
3.320999999999996
3.827500000000006
1.53589999999999
2.151000000000014
3.938700000000006
3.060099999999999
1.4193000000000011
0.4258999999999999
0.08540000000000006
0.0116
0.0010999999999999996
0.0
0.0
0.0
0.0
0.0
0.0
0.0
0.0
0.0
0.0
0.0
0.0
0.0
0.0
0.0
0.0
0.0
0.0
0.0
9.999999999999999e-05
0.0021
