0.0
0.0
0.0
0.0
0.0
0.0
0.0
0.0
0.0
0.0
0.0
0.0
0.0
0.0
0.0
0.0
0.0
0.0
0.0
0.0
0.0
0.0
0.0
0.0
0.0
0.0
0.0
0.0
0.0
0.0
0.0
0.0
0.0
0.0
0.0
0.0
0.0
0.0
0.0
9.999999999999972e-05
0.001500000000000004
0.00999999999999994
0.04770000000000052
0.15280000000000293
0.3194999999999948
0.40729999999999933
0.24690000000000545
0.06589999999997431
0.22219999999997242
0.13859999999996653
0.0408000000000186
0.07470000000000532
0.13999999999998458
0.14929999999999666
0.15089999999999826
0.1595000000000013
0.13039999999999718
0.07130000000000192
0.02360000000000001
0.007500000000000215
0.05430000000000018
0.1505000000000034
0.28369999999999784
0.3879000000000188
0.4195000000000171
0.3510000000000346
0.10799999999999699
0.23729999999999585
0.38000000000000256
0.2098999999999851
0.02020000000000355
0.0700000000000145
0.2226999999999979
0.18859999999998323
0.03789999999999072
0.19219999999999793
0.11440000000000339
0.09169999999998346
0.23999999999999577
0.22699999999999942
0.0748000000000082
0.06129999999999747
0.03229999999999622
0.10970000000000146
0.18690000000000095
0.1353999999999994
0.01900000000000235
0.11660000000000004
0.257099999999999
0.3750000000000031
0.5076999999999998
0.7471000000000227
0.9767000000000081
0.8474000000000537
0.3063000000000038
0.18260000000003274
0.3626999999999825
0.5696999999999619
0.8836999999999762
0.7847000000000381
0.11260000000001824
0.49189999999996736
0.40089999999999293
0.2043000000000017
0.666800000000034
0.7146000000000097
0.5279999999999951
0.30469999999999664
0.1346
0.04330000000000028
0.0098
0.0014000000000000015
0.001699999999999998
0.013599999999999984
0.06500000000000047
0.20799999999999985
0.4288000000000014
0.5247000000000002
0.28840000000001087
0.022400000000000198
0.2275000000000027
1.2143000000000015
2.1485999999999894
1.906800000000075
0.36930000000001684
1.2631999999999977
1.8841000000000108
1.4403999999999861
0.2664000000000222
1.460499999999998
3.1305999999999834
3.30459999999988
1.295799999999936
1.1801999999999424
2.135400000000054
2.0535000000000636
2.1742999999999846
2.2267999999999954
1.6234000000000082
0.6851999999999969
0.09440000000000004
0.5421000000000009
0.5081000000000113
0.0010000000000065512
0.5149999999999988
0.5636000000000085
0.19699999999999718
0.2471000000000001
0.4525000000000001
0.23260000000000502
0.23180000000000422
0.4989000000000021
0.4146999999999956
0.2028000000000002
0.06390000000000007
0.013400000000000044
0.001699999999999998
0.001499999999999993
0.012600000000000024
0.06159999999999985
0.2019000000000007
0.4270999999999969
0.5348000000000019
0.2700000000000147
0.24060000000001303
0.5398000000000014
0.454600000000005
0.2243999999999996
0.07119999999999974
0.014999999999999996
0.0021999999999999993
0.00019999999999999944
9.999999999999998e-05
0.0
0.0
0.0
0.0002999999999999998
0.002400000000000004
0.018099999999999974
0.0897999999999996
0.29700000000000004
0.6346999999999992
0.8057000000000092
0.42159999999999975
0.34400000000001096
0.8064000000000071
0.689099999999998
0.34389999999999976
0.11019999999999988
0.023500000000000083
0.0034000000000000067
0.00029999999999999916
0.0
0.0
0.0
0.0
0.0
0.0
0.0
0.0
0.0
0.0
0.0
0.0
0.0
0.0
0.0
0.0
0.0
0.0
0.00010000000000000006
0.0007999999999999978
0.006300000000000012
0.03510000000000006
0.1348999999999996
0.35339999999999816
0.6085000000000007
0.6137999999999977
0.17519999999999758
0.4214999999999969
0.6815000000000015
0.5218999999999974
0.2463999999999994
0.07659999999999993
0.016000000000000042
0.0023000000000000017
0.0002999999999999998
0.0
0.0
0.0
0.0
0.0
0.0
0.0
0.0
0.0
0.0
0.0
0.0
0.0
0.0
0.0
0.00010000000000000006
0.000699999999999998
0.0053000000000000096
0.027399999999999994
0.09359999999999993
0.20690000000000014
0.27490000000000014
0.16029999999999656
0.09700000000000264
0.26800000000000157
0.24060000000000192
0.1244000000000002
0.04120000000000009
0.009000000000000024
0.001299999999999999
0.00010000000000000006
9.999999999999999e-05
0.0
0.0
0.0
0.0
0.0
0.0
0.0
0.0
0.0
0.0
0.0
0.0
0.0
0.0
0.0
0.0
0.0
0.0
0.0
0.0
0.0
0.0
0.0
0.0
0.0
0.0
0.0
0.0
0.0
0.00020000000000000012
0.0022999999999999965
0.017599999999999994
0.09140000000000016
0.3176999999999999
0.717000000000001
0.976699999999997
0.602299999999989
0.3038000000000096
0.9387999999999952
0.8680000000000021
0.4583000000000004
0.15430000000000027
0.03449999999999998
0.005200000000000007
0.0005
0.0
0.0
0.0
0.0
0.0
0.0
0.0
0.0
0.0
0.0
0.0
0.0
0.0
0.0
0.0
0.0
0.0
0.0
0.0
0.0
0.0
0.0
0.0
0.0
0.0
0.0
0.0
0.0
0.0
0.0
0.0
0.0
0.0
0.0005
0.004699999999999995
0.02970000000000004
0.12950000000000012
0.37429999999999963
0.6905999999999968
0.7423000000000068
0.3374999999999906
0.04910000000000192
0.18299999999999983
0.7514999999999938
0.7410000000000139
0.15220000000000233
1.1371999999999938
1.349100000000003
0.8840000000000015
0.36719999999999947
0.1010999999999998
0.01879999999999998
0.002400000000000004
0.00019999999999999977
0.0
0.0
0.0
0.0
0.0005
0.005600000000000006
0.043900000000000015
0.2356000000000004
0.8474000000000009
1.9888000000000017
2.8586
2.0354000000000205
0.28719999999999857
1.7967000000000066
1.3727999999999962
0.5730000000000013
0.6758000000000042
0.8956999999999993
0.28080000000000327
0.6230999999999987
0.6450999999999985
0.3147000000000011
1.1372000000000049
1.0067999999999966
0.13219999999999898
0.9809000000000012
1.7771000000000092
1.569799999999999
0.3962999999999939
0.7668000000000008
1.3243999999999811
1.4172999999999991
1.1662000000000061
0.6944999999999979
0.28470000000000023
0.07919999999999994
0.014999999999999996
0.0014000000000000015
0.0045000000000000005
0.031299999999999994
0.13960000000000014
0.4138000000000003
0.7819999999999994
0.8500999999999981
0.33689999999999554
0.2091000000000065
0.1499000000000028
1.3205000000000022
1.8372999999999973
0.5826000000000109
1.424700000000012
2.2607000000000044
1.6544000000000003
0.7325999999999999
0.21089999999999998
0.04060000000000001
0.005299999999999999
0.0005
0.0
0.0
0.0
0.0
0.0
0.0
0.0
9.999999999999998e-05
0.0008000000000000005
0.006400000000000004
0.03549999999999994
0.13120000000000007
0.3168999999999991
0.4698999999999981
0.34319999999999906
0.07789999999999742
0.4292999999999991
0.44229999999999825
0.25160000000000043
0.0903000000000001
0.021400000000000023
0.0034999999999999983
0.00020000000000000012
0.0021999999999999993
0.021300000000000006
0.14349999999999988
0.6535
1.977000000000001
3.821499999999989
4.243899999999989
1.4953000000000216
2.6254999999999917
4.449900000000007
3.3441000000000054
1.5114000000000016
0.44310000000000044
0.0869
0.0116
0.0010000000000000013
9.999999999999998e-05
0.0
0.0
0.0
0.0
0.0
0.0
0.0
0.0
0.0
0.0
0.0
0.0
0.0
0.0
0.0
0.0
0.0
0.0
0.0
0.0
0.0
0.0
0.0
0.0
0.0
0.0
0.0
0.0
0.0
0.0
0.0
0.0
0.0
0.0
0.0
0.0
0.0
0.0
0.0
0.0
0.0
0.0
0.0
0.0
0.0
0.0
0.0
0.0
0.0
0.0
0.0
0.0
0.0
0.0
0.0
0.0
0.0
0.00010000000000000006
0.002
0.021700000000000018
0.16210000000000008
0.8293999999999996
2.869299999999997
6.538700000000008
9.215799999999996
51.1031
31.77829999999995
127.09839999999994
314.6812
412.42279999999994
400.1132999999999
324.437
233.33020000000002
152.3566
88.7286
