0.0
0.0
0.0
0.0
0.0
0.0
0.0
0.0
0.0
0.0
0.0
0.0
0.0
0.0
0.0
0.0
0.0
0.0
0.0
0.0
0.0
0.0
0.0
0.0
0.0
0.0
0.0
0.0
0.0
0.0
0.0
0.0
0.0
0.0
0.0
0.0
0.0
0.0
0.0
0.0005000000000000013
0.005800000000000011
0.04060000000000001
0.19369999999999943
0.6205000000000016
1.2965999999999922
1.6494999999999926
0.9919000000000011
0.28410000000000935
0.9185999999999694
0.5707999999999824
0.16359999999999708
0.29930000000000234
0.5687999999999915
0.6071999999999855
0.6119999999999903
0.6498000000000004
0.5354000000000025
0.2953000000000011
0.09879999999999958
0.029799999999999965
0.22040000000000115
0.6115000000000037
1.1526000000000036
1.5759999999999996
1.7046000000000117
1.4264000000000276
0.43890000000001983
0.9640000000000093
1.5425999999999718
0.8494999999999919
0.07719999999999949
0.28160000000001517
0.907799999999992
0.7740999999999998
0.14879999999999338
0.7844000000000184
0.47439999999998594
0.363800000000003
0.9741999999999917
0.9310999999999958
0.315399999999999
0.24699999999999722
0.14220000000000343
0.4354999999999998
0.760700000000003
0.5594999999999989
0.08800000000000197
0.4625999999999991
1.033400000000001
1.5164999999999984
2.0569999999999977
3.0205000000000037
3.937899999999983
3.403300000000087
1.207500000000028
0.7664000000000115
1.4797999999999867
2.3094999999999644
3.5936999999999664
3.209400000000029
0.48150000000000137
1.9981999999999722
1.655400000000018
0.8032000000000039
2.702800000000005
2.9131999999999936
2.1596999999999977
1.2508999999999992
0.5552999999999988
0.1794999999999998
0.040899999999999964
0.0058
0.0067
0.053000000000000005
0.2565000000000005
0.8268999999999999
1.7187000000000008
2.1247999999999934
1.1912000000000145
0.07649999999999046
0.8944000000000063
4.867700000000008
8.684799999999981
7.771500000000042
1.577300000000026
5.065000000000008
7.634900000000044
5.8783999999999725
1.1465999999999976
5.849099999999963
12.678000000000011
13.505900000000004
5.424700000000016
4.699100000000023
8.677699999999966
8.346800000000076
8.819399999999966
9.074800000000005
6.668999999999992
2.856700000000001
0.3344999999999987
2.1901999999999977
2.102500000000007
0.057099999999987716
2.0672000000000024
2.318600000000004
0.8519999999999972
0.9626000000000023
1.8316
0.978599999999985
0.9007000000000209
2.015200000000006
1.698299999999997
0.839100000000001
0.26660000000000017
0.056400000000000027
0.007399999999999995
0.005999999999999994
0.049400000000000055
0.24459999999999968
0.8077000000000001
1.722199999999996
2.180000000000004
1.1308000000000096
0.9444999999999926
2.1896000000000027
1.8651000000000029
0.9286000000000016
0.29700000000000004
0.06319999999999998
0.009100000000000004
0.0009000000000000002
9.999999999999998e-05
0.0
0.0
0.0
0.0009000000000000002
0.009600000000000006
0.07070000000000001
0.35329999999999945
1.1790999999999996
2.5446999999999997
3.2726000000000033
1.767300000000005
1.331799999999994
3.256100000000006
2.8211999999999904
1.4221000000000013
0.45989999999999986
0.09899999999999995
0.014400000000000003
0.001399999999999999
9.999999999999998e-05
0.0
0.0
0.0
0.0
0.0
0.0
0.0
0.0
0.0
0.0
0.0
0.0
0.0
0.0
0.0
0.0
0.0
0.00030000000000000003
0.0029999999999999996
0.02460000000000001
0.13760000000000006
0.5331999999999997
1.4101000000000004
2.4534000000000002
2.5125000000000064
0.7678000000000074
1.6652999999999918
2.765300000000004
2.1451
1.0230000000000004
0.32109999999999983
0.068
0.009900000000000003
0.001
0.0
0.0
0.0
0.0
0.0
0.0
0.0
0.0
0.0
0.0
0.0
0.0
0.0
0.0
0.0
0.00030000000000000003
0.002699999999999998
0.020700000000000017
0.10679999999999995
0.3689999999999999
0.8267000000000011
1.1165000000000007
0.6753999999999982
0.36430000000000073
1.0801000000000005
0.9885000000000005
0.5184000000000001
0.17359999999999998
0.03860000000000001
0.0058
0.0006000000000000001
9.999999999999999e-05
0.0
0.0
0.0
0.0
0.0
0.0
0.0
0.0
0.0
0.0
0.0
0.0
0.0
0.0
0.0
0.0
0.0
0.0
0.0
0.0
0.0
0.0
0.0
0.0
0.0
0.0
0.0
0.0
9.999999999999999e-05
0.0007000000000000001
0.0085
0.06640000000000001
0.3502000000000002
1.236799999999999
2.8423000000000034
3.962599999999994
2.5659999999999905
1.0806000000000093
3.7634999999999974
3.5795999999999992
1.9286999999999999
0.6612
0.1502999999999999
0.0231
0.0024000000000000002
0.00019999999999999996
0.0
0.0
0.0
0.0
0.0
0.0
0.0
0.0
0.0
0.0
0.0
0.0
0.0
0.0
0.0
0.0
0.0
0.0
0.0
0.0
0.0
0.0
0.0
0.0
0.0
0.0
0.0
0.0
0.0
0.0
0.0
9.999999999999998e-05
0.0017999999999999997
0.017199999999999997
0.11250000000000002
0.4985
1.4664999999999997
2.761199999999997
3.0484999999999984
1.4640999999999904
0.1730999999999927
0.6539000000000073
2.9828999999999994
3.1069000000000013
0.4092999999999902
4.497799999999996
5.529300000000004
3.708300000000003
1.5717999999999996
0.4410999999999998
0.0836
0.010900000000000005
0.0009999999999999996
9.999999999999999e-05
0.0
0.0
0.00010000000000000002
0.0017
0.02040000000000001
0.16360000000000002
0.8934000000000004
3.274400000000002
7.845100000000005
11.565999999999988
8.614800000000011
0.7130000000000081
7.20010000000002
5.765400000000009
2.4072000000000093
2.6694999999999913
3.664500000000004
1.329899999999995
2.398900000000004
2.7152999999999983
1.079999999999992
4.558099999999998
4.216299999999995
0.7544999999999968
3.768500000000002
7.136900000000002
6.534400000000007
1.8826999999999927
2.934800000000015
5.3212999999999955
5.774500000000005
4.819300000000004
2.9219999999999997
1.2217999999999993
0.3471
0.06689999999999999
0.007100000000000005
0.0165
0.11659999999999995
0.5312999999999999
1.607800000000001
3.112799999999999
3.4981999999999958
1.5139999999999931
0.7989000000000024
0.42440000000000255
5.124700000000004
7.529500000000011
2.784399999999998
5.428800000000011
9.18540000000001
6.931900000000002
3.146199999999999
0.9263
0.1824
0.024399999999999998
0.0022000000000000006
9.999999999999998e-05
0.0
0.0
0.0
0.0
0.0
0.0
0.0007
0.0095
0.0896
0.5918
2.7403
8.899899999999999
20.2731
32.3912
