0.0
0.0
0.0
0.0
0.0
0.0
0.0
0.0
0.0
0.0
0.0
0.0
0.0
0.0
0.0
0.0
0.0
0.0
0.0
0.0
0.0
0.0
0.0
0.0
0.0
0.0
0.0
0.0
0.0
0.0
0.0
0.0
0.0
0.0
0.0
0.0
0.0
0.0
0.0
0.00019999999999999944
0.002599999999999998
0.017900000000000034
0.08530000000000065
0.2733000000000041
0.5714999999999915
0.7284999999999986
0.44159999999999755
0.11790000000000411
0.3974999999999618
0.2478999999999676
0.0732000000000177
0.1343000000000094
0.2522999999999831
0.2706999999999793
0.27519999999998657
0.2906000000000075
0.236900000000001
0.12930000000000164
0.04279999999999978
0.013400000000000217
0.09709999999999996
0.26920000000000277
0.5074000000000023
0.6938000000000111
0.7505000000000095
0.6280000000000285
0.19320000000000448
0.42450000000000543
0.679699999999972
0.3753999999999813
0.03610000000000557
0.12530000000001706
0.3982999999999848
0.3373999999999988
0.06770000000000387
0.3438000000000052
0.20459999999999923
0.1638999999999946
0.42919999999999625
0.40559999999999485
0.13239999999999919
0.11179999999999524
0.05950000000000122
0.19660000000000233
0.33640000000000336
0.2445999999999976
0.03630000000000022
0.20600000000000063
0.4570999999999992
0.6689000000000056
0.9066000000000018
1.3324000000000336
1.7389999999999795
1.5056000000000402
0.5392000000000507
0.3319000000000294
0.651000000000046
1.019699999999979
1.5809999999999658
1.4037000000000077
0.20140000000001823
0.8798999999999779
0.7171000000000038
0.3654999999999742
1.192800000000016
1.2782999999999989
0.9445000000000037
0.5450999999999984
0.24080000000000074
0.07749999999999979
0.017599999999999994
0.0023999999999999933
0.002999999999999997
0.023700000000000023
0.11430000000000051
0.36730000000000096
0.7608999999999977
0.936999999999999
0.522200000000006
0.03310000000000812
0.40409999999999613
2.1592000000000056
3.8301999999999836
3.407300000000024
0.6680999999999493
2.2482999999999365
3.3621000000000123
2.572999999999981
0.47559999999999825
2.612799999999993
5.600199999999944
5.911499999999847
2.3179000000000727
2.1112000000000464
3.819999999999979
3.6734000000000044
3.8895999999999376
3.9836000000000205
2.9047999999999963
1.2278999999999929
0.16610000000000236
0.9711000000000025
0.9186000000000138
0.010299999999996423
0.9181000000000106
1.0161000000000087
0.36410000000000053
0.4327000000000025
0.8067000000000046
0.4214999999999858
0.4067000000000043
0.8890999999999982
0.7430999999999965
0.36490000000000133
0.11530000000000012
0.024200000000000003
0.0030999999999999995
0.0027000000000000006
0.022400000000000024
0.11019999999999988
0.3612000000000004
0.7638999999999951
0.9566999999999992
0.4828999999999972
0.43040000000000855
0.9655999999999998
0.8132000000000028
0.4014999999999991
0.12739999999999974
0.026900000000000014
0.0038999999999999972
0.0002999999999999998
9.999999999999998e-05
0.0
0.0
0.0
0.00040000000000000024
0.0042999999999999965
0.03210000000000001
0.15919999999999962
0.5275999999999975
1.1301000000000005
1.4391000000000043
0.758700000000001
0.607700000000011
1.4383000000000035
1.233099999999998
0.6167000000000006
0.19810000000000036
0.042299999999999977
0.006100000000000007
0.0005999999999999996
0.0
0.0
0.0
0.0
0.0
0.0
0.0
0.0
0.0
0.0
0.0
0.0
0.0
0.0
0.0
0.0
0.0
0.0
0.00020000000000000012
0.001399999999999999
0.011200000000000012
0.06250000000000006
0.24029999999999954
0.6302000000000002
1.0861999999999983
1.0971000000000064
0.31479999999999286
0.751399999999991
1.2171000000000043
0.9328999999999976
0.4406999999999994
0.13710000000000006
0.028800000000000006
0.004100000000000002
0.00039999999999999953
0.0
0.0
0.0
0.0
0.0
0.0
0.0
0.0
0.0
0.0
0.0
0.0
0.0
0.0
0.0
0.00010000000000000006
0.001299999999999999
0.009500000000000003
0.04879999999999997
0.1668999999999997
0.3696000000000005
0.49200000000000077
0.2880999999999967
0.1721000000000028
0.47929999999999917
0.4313000000000011
0.2234
0.07400000000000011
0.016200000000000027
0.0023999999999999985
0.00019999999999999977
9.999999999999999e-05
0.0
0.0
0.0
0.0
0.0
0.0
0.0
0.0
0.0
0.0
0.0
0.0
0.0
0.0
0.0
0.0
0.0
0.0
0.0
0.0
0.0
0.0
0.0
0.0
0.0
0.0
0.0
0.0
0.0
0.0003000000000000002
0.004
0.03080000000000001
0.16050000000000023
0.5603999999999998
1.2717000000000034
1.7445999999999962
1.0920999999999847
0.5225999999999953
1.671099999999992
1.5579999999999983
0.8276000000000006
0.2801999999999999
0.06289999999999993
0.009600000000000006
0.0009000000000000002
9.999999999999998e-05
0.0
0.0
0.0
0.0
0.0
0.0
0.0
0.0
0.0
0.0
0.0
0.0
0.0
0.0
0.0
0.0
0.0
0.0
0.0
0.0
0.0
0.0
0.0
0.0
0.0
0.0
0.0
0.0
0.0
0.0
0.0
0.0
0.0008999999999999995
0.008100000000000001
0.05220000000000008
0.22850000000000023
0.6635000000000002
1.2305999999999984
1.3323000000000085
0.6144999999999956
0.08540000000000214
0.3166000000000002
1.3375000000000026
1.3400000000000079
0.2450999999999981
2.0200999999999913
2.4217000000000044
1.597700000000002
0.6676000000000002
0.1849
0.03459999999999999
0.004400000000000004
0.0003999999999999999
9.999999999999999e-05
0.0
0.0
0.0
0.0007999999999999998
0.009700000000000007
0.07680000000000005
0.4142
1.4970000000000012
3.5322999999999993
5.110499999999996
3.681599999999996
0.46360000000000845
3.205300000000033
2.4780000000000024
1.0328000000000115
1.1995999999999896
1.6066000000000025
0.526099999999996
1.0983999999999994
1.1649999999999938
0.5408000000000079
2.0299000000000067
1.8187999999999982
0.26370000000000005
1.7282999999999993
3.167300000000006
2.8233000000000175
0.7386000000000115
1.3500000000000068
2.3606999999999934
2.5363000000000024
2.094600000000002
1.2525999999999982
0.5158999999999997
0.14429999999999998
0.027399999999999994
0.0027000000000000006
0.007900000000000008
0.05469999999999997
0.24549999999999988
0.7316000000000003
1.3917000000000013
1.526800000000006
0.6199999999999983
0.36930000000000573
0.24450000000000305
2.333099999999999
3.296200000000016
1.0944999999999983
2.5050000000000017
4.045300000000007
2.985800000000005
1.3312999999999993
0.38559999999999983
0.07479999999999995
0.009899999999999992
0.0009000000000000002
0.0
0.0
0.0
0.0
0.0
0.0
0.0
9.999999999999998e-05
0.0014000000000000002
0.011200000000000002
0.06219999999999993
0.23099999999999996
0.5615999999999997
0.8393999999999985
0.6222000000000005
0.12709999999999666
0.7630999999999999
0.7948999999999984
0.45550000000000035
0.16460000000000016
0.039300000000000015
0.006399999999999999
0.00040000000000000024
0.0036999999999999976
0.03710000000000002
0.25090000000000007
1.1486999999999998
3.494900000000001
6.799399999999989
7.619699999999963
2.774700000000019
4.612799999999995
7.959000000000005
6.029499999999999
2.742499999999998
0.8086999999999998
0.15949999999999992
0.0214
0.0019000000000000002
0.00019999999999999996
0.0
0.0
0.0
0.0
0.0
0.0
0.0
0.0
0.0
0.0
0.0
0.0
0.0
0.0
0.0
0.0
0.0
0.0
0.0
0.0
0.0
0.0
0.0
0.0
0.0
0.0
0.0
0.0
0.0
0.0
0.0
0.0
0.0
0.0
0.0
0.0
0.0
0.0
0.0
0.0
0.0
0.0
