1.4886999999999984
1.4647999999999994
1.430999999999999
1.408400000000004
1.5228999999999993
1.6263000000000027
1.6029999999999989
1.5805999999999987
1.5652999999999972
1.5270000000000006
1.528299999999999
1.4965000000000006
1.4734999999999998
1.4256999999999964
1.3207000000000024
1.2782999999999989
1.2307999999999986
1.1673999999999962
1.1494000000000004
1.0469000000000006
0.9577999999999975
0.8619999999999989
0.7893999999999984
0.8332000000000006
0.7609000000000005
0.6147999999999987
0.626500000000002
0.6552000000000002
0.8341000000000015
1.0116999999999987
1.1487000000000025
1.2072000000000027
1.2129999999999974
1.5168999999999988
1.8212000000000006
1.876600000000006
2.0239000000000007
2.3884999999999934
2.909000000000006
3.356900000000007
3.5461999999999994
3.5680999999999963
3.563700000000003
3.6028999999999978
3.692800000000007
3.6899000000000015
3.5884999999999945
3.57630000000001
3.68440000000001
3.857899999999992
4.02340000000001
4.191600000000006
4.256499999999996
4.139300000000001
3.901600000000016
3.7978999999999985
3.8171000000000066
3.7952000000000097
3.605500000000006
3.298699999999999
3.1332000000000026
3.124199999999999
3.1596999999999986
3.1684000000000045
3.0765000000000042
2.999699999999994
2.9828999999999994
2.975800000000006
2.89569999999999
2.711000000000008
2.476099999999992
2.1729
1.9359000000000015
1.6060000000000019
1.411699999999999
1.4273999999999953
1.5452999999999995
1.5612000000000015
1.539600000000002
1.6535000000000022
1.9087999999999938
2.0586000000000104
2.0596999999999976
2.0438999999999985
2.1753000000000022
2.3958000000000035
2.5553999999999966
2.5852999999999904
2.5834000000000024
2.6390000000000025
2.6674000000000087
2.640699999999996
2.592899999999998
2.5873000000000035
2.5926000000000005
2.5868
2.5144999999999973
2.4554999999999993
2.4641000000000024
2.427899999999994
2.2318999999999978
2.0439000000000096
1.983299999999999
2.002500000000007
1.9722000000000017
1.8760000000000054
1.8169000000000046
1.833800000000002
1.8018999999999952
1.5807000000000015
1.3053999999999955
1.030700000000001
0.883500000000001
0.7474999999999982
0.6867999999999985
0.6544000000000022
0.6074999999999997
0.4837999999999981
0.40059999999999957
0.39639999999999953
0.4038
0.4154000000000005
0.41930000000000023
0.44209999999999944
0.5400000000000016
0.7210999999999995
0.917599999999999
1.0799000000000003
1.1275000000000035
1.1313000000000017
1.1272000000000004
1.1463999999999974
1.1407999999999974
1.1008000000000018
1.0859000000000008
1.0774000000000006
1.1400999999999994
1.3300000000000034
1.4828000000000008
1.5051000000000037
1.4685999999999977
1.4775000000000038
1.6162999999999983
1.702600000000004
1.7051999999999956
1.7181000000000002
1.7071000000000003
1.6639000000000015
1.6503000000000045
1.6645999999999994
1.6903000000000001
1.6584000000000043
1.6190999999999955
1.604300000000003
1.581699999999997
1.5757999999999994
1.5539999999999998
1.4163000000000037
1.2377000000000027
1.1805999999999983
1.1799999999999977
1.1352000000000029
0.9452999999999989
0.8011999999999991
0.8556000000000008
0.9321000000000024
1.0207999999999995
1.145400000000002
1.2829999999999953
1.3187000000000004
1.3506999999999991
1.36
1.3280000000000014
1.318999999999998
1.3898000000000021
1.5077000000000007
1.6027000000000013
1.6232000000000024
1.5931000000000028
1.5841999999999967
1.5615000000000046
1.5351000000000004
1.5245999999999982
1.5251999999999988
1.5234000000000025
1.5162999999999982
1.5201999999999993
1.4954999999999996
1.4463000000000004
1.4000999999999986
1.2941000000000036
1.250699999999999
1.2718000000000007
1.2849999999999973
1.2236999999999998
1.1044999999999972
0.986999999999999
0.9546000000000027
0.952900000000001
0.9416000000000008
0.9423999999999988
0.9924999999999962
1.070099999999996
1.2222999999999984
1.3029999999999986
1.3035999999999992
1.3116000000000017
1.3330999999999982
1.3454000000000021
1.3549000000000033
1.3419000000000014
1.2653000000000025
1.1763999999999997
1.1404999999999998
1.1406000000000027
1.1813999999999991
1.2761999999999996
1.3737
1.4129999999999976
1.4182000000000028
1.4579999999999982
1.4998000000000011
1.4888999999999986
1.3681999999999972
1.3089000000000017
1.3948000000000016
1.4971999999999985
1.5050000000000008
1.4915999999999985
1.4598
1.4131000000000005
1.3754000000000044
1.3512000000000024
1.2795999999999974
1.235799999999998
1.2390000000000012
1.2085000000000012
1.1572000000000027
1.157999999999998
1.161599999999996
1.0809999999999986
0.9326000000000001
0.8151999999999993
0.7976000000000011
0.8126999999999995
0.7867999999999986
0.7021
0.6821999999999995
0.6740999999999997
0.6745999999999974
0.6673999999999985
0.658800000000001
0.6759999999999988
0.7030999999999982
0.7311000000000012
0.7443000000000005
0.7912000000000002
0.8855000000000002
0.8239999999999997
0.7237999999999994
0.6914000000000003
0.6938
0.7630999999999999
0.8222000000000007
0.8381
0.8689000000000002
0.9125999999999995
1.0642999999999958
1.1338000000000015
1.1356000000000033
1.1392000000000013
1.143099999999997
1.1707999999999996
1.161899999999999
1.150000000000001
1.134099999999999
1.088699999999998
0.9466000000000002
0.8670000000000011
0.8645999999999987
0.8645999999999987
0.8421000000000012
0.8596999999999994
0.855800000000001
0.8709999999999996
0.9575
1.017499999999999
0.9661000000000031
0.9456999999999993
1.0700000000000043
1.2885000000000035
1.2969999999999982
1.2693999999999983
1.2897000000000047
1.2998999999999983
1.2925999999999993
1.3065999999999967
1.3834999999999986
1.4546000000000003
1.4599000000000029
1.439299999999999
1.4369999999999994
1.4793
1.606599999999997
1.6517000000000004
1.5585999999999989
1.4795999999999976
1.5058000000000016
1.5776000000000012
1.5807999999999989
1.4604000000000006
1.444899999999999
1.3961999999999974
1.3187000000000004
1.2853000000000003
1.3250999999999957
1.366299999999998
1.3470000000000037
1.2973999999999986
1.2925999999999993
1.3483000000000023
1.4801000000000009
1.5303999999999984
1.4980999999999967
1.5811999999999993
1.6386999999999985
1.6338999999999992
1.6004999999999991
1.5838000000000019
1.5909000000000006
1.5995999999999955
1.6306000000000043
1.6377999999999948
1.7025000000000012
1.804699999999998
2.075500000000008
2.588400000000002
3.0868999999999924
3.462299999999996
3.614000000000006
3.6290000000000044
3.5943999999999976
3.474200000000005
3.3192
3.066000000000002
2.8502000000000027
2.6597000000000093
2.5946000000000025
2.6115
2.6437000000000044
2.594099999999999
2.297899999999997
2.1177
2.0841
2.059600000000006
2.046200000000009
1.9326000000000065
1.7329000000000039
1.5147999999999995
1.4898999999999996
1.6406000000000032
1.6174999999999995
1.5923999999999994
1.5539000000000025
1.4751000000000014
1.3863000000000014
1.2925999999999993
1.2909000000000004
1.3264999999999971
1.3531000000000015
1.3566999999999996
1.3529999999999986
1.3836000000000015
1.3627
1.2070999999999998
0.9299999999999975
0.7678999999999991
0.7128999999999996
0.712500000000002
0.7630999999999999
0.7699000000000011
0.7671000000000011
0.711299999999998
0.6164000000000003
0.5829000000000001
0.6320999999999993
0.7136000000000003
0.7941000000000004
0.8249000000000006
0.8244000000000001
0.8084000000000008
0.8273000000000003
0.8691000000000004
0.8629999999999999
0.8625999999999995
0.9223000000000009
0.9177999999999992
0.8821999999999997
0.8851999999999999
0.8999000000000007
0.9124999999999994
0.9538000000000019
0.9881000000000029
0.995600000000002
1.0120999999999991
1.0342000000000018
0.9877999999999998
0.9284999999999988
0.981700000000002
1.0023000000000004
1.0067999999999966
1.0096999999999967
1.012799999999997
1.0285999999999962
1.0288999999999993
0.9940000000000004
0.9931999999999996
0.5577000000000054
1.9268000000000007
2.1619999999999973
4.408899999999999
8.010200000000001
13.3961
16.951999999999998
19.1427
23.127
29.7145
31.797400000000003
31.9277
31.748900000000003
32.1265
