1.406799999999997
1.3520000000000088
1.3036999999999965
1.2594999999999912
1.22000000000001
1.1885999999999952
1.2029999999999985
1.2487000000000026
1.2592000000000048
1.0207000000000022
0.8162000000000003
0.737199999999999
0.7483999999999991
0.750099999999998
0.7456999999999991
0.7508000000000015
0.7436000000000054
0.7034999999999958
0.6962999999999997
0.6944999999999979
0.6771000000000027
0.6373999999999991
0.5566000000000015
0.4816999999999988
0.4024
0.3168000000000004
0.39679999999999993
0.5549999999999999
0.728899999999999
0.8394000000000013
0.8670000000000011
0.8561000000000041
0.8628000000000025
0.8809000000000011
0.8985000000000021
0.9406999999999999
0.9511999999999965
0.9550000000000003
0.9865000000000013
1.0876999999999915
1.2108000000000008
1.284200000000002
1.2917999999999985
1.2759999999999994
1.2557999999999958
1.2645999999999935
1.2689000000000061
1.249100000000003
1.2050000000000005
1.161599999999996
1.1527000000000065
1.2016000000000027
1.2763999999999998
1.3337000000000043
1.3406999999999947
1.3221000000000038
1.3209999999999944
1.3314000000000048
1.3234999999999997
1.2743999999999978
1.1649999999999938
0.989599999999996
0.8649999999999991
0.9079999999999977
1.0283000000000042
1.1395999999999962
1.1877000000000026
1.168900000000006
1.149699999999998
1.1519000000000057
1.1533000000000015
1.1460000000000026
1.111899999999999
1.0770999999999975
1.0762999999999967
1.0863000000000067
1.0877999999999943
1.1034999999999906
1.1378999999999917
1.1340000000000017
1.0560999999999932
1.0016000000000025
0.9971999999999981
1.0126999999999997
0.9556000000000009
0.8462999999999998
0.7684000000000024
0.7611999999999952
0.7578000000000029
0.7443000000000033
0.7404000000000022
0.7512999999999992
0.7673000000000041
0.7850999999999997
0.8014999999999994
0.8000000000000007
0.8015999999999968
0.7705999999999991
0.6818999999999964
0.542400000000004
0.39780000000000093
0.26580000000000215
0.19920000000000077
0.19659999999999955
0.2013000000000001
0.20929999999999976
0.21210000000000118
0.22049999999999986
0.33420000000000116
0.5711999999999995
0.8313000000000015
1.0140999999999956
1.1446999999999985
1.1898999999999993
1.1732000000000076
1.186799999999999
1.1982999999999966
1.2189000000000005
1.238399999999995
1.2446000000000068
1.2651999999999997
1.2846999999999942
1.292199999999999
1.2883999999999896
1.2911000000000006
1.296200000000003
1.2934999999999919
1.292800000000005
1.3009999999999966
1.2612999999999985
1.1403000000000052
0.9593000000000018
0.6922000000000039
0.4050999999999999
0.2685999999999994
0.2726000000000006
0.27760000000000007
0.30040000000000067
0.3454999999999986
0.38890000000000036
0.42109999999999925
0.45710000000000195
0.4860000000000003
0.4982000000000014
0.4862000000000005
0.46489999999999865
0.447599999999998
0.4310000000000008
0.42110000000000203
0.4116999999999982
0.40779999999999983
0.392099999999998
0.36539999999999906
0.3355999999999998
0.29969999999999997
0.25229999999999975
0.19490000000000063
0.15210000000000085
0.14030000000000015
0.13340000000000019
0.1135000000000004
0.1009000000000003
0.1002999999999997
0.1125000000000001
0.12189999999999979
0.12889999999999985
0.13319999999999999
0.13200000000000017
0.12869999999999965
0.12580000000000022
0.12310000000000029
0.16410000000000036
0.24349999999999927
0.25479999999999947
0.372900000000001
0.5576999999999999
0.7242999999999999
0.8228000000000013
0.8433999999999997
0.8358000000000032
0.8893999999999957
0.9267999999999998
0.9357999999999977
0.9413000000000005
0.9438999999999975
0.9442000000000006
0.9439000000000031
0.9421999999999986
0.9404000000000023
0.9398999999999991
0.9396000000000015
0.9254999999999958
0.8871000000000018
0.8819999999999995
0.8626999999999996
0.7842000000000016
0.6366999999999956
0.4607
0.35229999999999984
0.3400000000000014
0.24230000000000085
0.12249999999999969
0.08400000000000005
0.061399999999999996
0.06360000000000011
0.07399999999999976
0.07479999999999987
0.07389999999999966
0.07349999999999995
0.07530000000000037
0.08299999999999974
0.10739999999999986
0.13319999999999999
0.15460000000000057
0.16050000000000092
0.16000000000000042
0.1566999999999999
0.14990000000000003
0.14279999999999987
0.1356999999999997
0.12669999999999973
0.12050000000000047
0.11940000000000006
0.1233999999999999
0.12899999999999995
0.1353000000000007
0.1362000000000002
0.1336999999999991
0.13019999999999976
0.13030000000000055
0.13080000000000036
0.12590000000000032
0.11489999999999972
0.09950000000000028
0.09090000000000001
0.08599999999999997
0.08500000000000035
0.08550000000000016
0.08640000000000037
0.09110000000000021
0.09199999999999972
0.09219999999999992
0.09419999999999984
0.09720000000000006
0.10389999999999983
0.11439999999999992
0.12549999999999992
0.13219999999999968
0.13689999999999952
0.19390000000000102
0.23910000000000042
0.27760000000000007
0.4452999999999985
0.5879999999999996
0.6319000000000019
0.7089000000000012
0.7904999999999995
0.8213999999999999
0.8130000000000026
0.8113000000000037
0.7991999999999999
0.8005999999999958
0.8835000000000037
0.9342000000000017
0.9388000000000007
0.9423000000000015
0.9473999999999982
0.9640999999999955
0.9715000000000029
0.9384000000000003
0.8979999999999988
0.8979000000000015
0.8796000000000026
0.8435999999999999
0.8332999999999979
0.7898999999999989
0.7171999999999956
0.6698000000000037
0.6637999999999977
0.6256999999999957
0.6016999999999995
0.6035000000000013
0.5156999999999995
0.43410000000000115
0.42119999999999935
0.4175000000000012
0.423599999999999
0.4014999999999991
0.38680000000000103
0.38789999999999936
0.38559999999999983
0.3713999999999995
0.32979999999999954
0.27570000000000094
0.24419999999999997
0.2378000000000005
0.23789999999999922
0.23769999999999902
0.25610000000000077
0.26410000000000045
0.2624000000000015
0.26270000000000043
0.2707000000000015
0.2844000000000013
0.2944000000000002
0.2947000000000005
0.2957000000000015
0.3129999999999994
0.3127999999999992
0.31240000000000157
0.3130999999999995
0.3138000000000002
0.3133999999999998
0.3129999999999994
0.31100000000000017
0.30999999999999917
0.31029999999999947
0.31079999999999997
0.2961000000000019
0.2894999999999981
0.28669999999999807
0.26429999999999926
0.2262
0.17670000000000047
0.16280000000000044
0.2741000000000021
0.2936999999999995
0.33239999999999936
0.42320000000000135
0.5335000000000034
0.6371999999999989
0.6942999999999977
0.7038999999999962
0.7539999999999991
0.7894000000000012
0.7953999999999961
0.8148000000000044
0.8338000000000012
0.8508999999999989
0.8512999999999993
0.8587999999999985
0.9314000000000044
1.0977999999999932
1.1749999999999927
1.1880000000000002
1.1569000000000051
1.1468000000000034
1.143700000000003
1.1600999999999972
1.1274999999999924
1.0874999999999968
1.2031000000000014
1.4978999999999965
1.6232000000000024
1.628800000000008
1.6336000000000017
1.631399999999994
1.626799999999995
1.6374
1.6515999999999975
1.646100000000006
1.6363000000000016
1.6483000000000025
1.6244000000000036
1.606200000000002
1.6051000000000037
1.6282000000000019
1.6498000000000013
1.6140000000000043
1.5822000000000003
1.581100000000002
1.5399000000000052
1.369699999999996
1.249800000000001
1.2531999999999988
1.3082999999999956
1.389499999999999
1.4699000000000018
1.5266000000000002
1.5671000000000102
1.5764
1.4828000000000063
1.1618000000000017
0.9353999999999973
0.8604999999999974
0.9584000000000037
1.1074999999999946
1.197999999999999
1.2201999999999935
1.2286999999999937
1.2396999999999991
1.2448000000000015
1.2500999999999984
1.2773000000000034
1.3058999999999932
1.308699999999996
1.2414999999999954
1.1132999999999948
0.9806999999999955
0.8348999999999995
0.7029000000000007
0.5687999999999971
0.4705000000000015
0.4127999999999993
0.41250000000000175
0.4117999999999983
0.3914999999999974
0.3848000000000018
0.38549999999999973
0.37840000000000096
0.3818000000000016
0.38610000000000033
0.39840000000000153
0.4021999999999998
0.4020999999999997
0.39769999999999806
0.39919999999999956
0.46549999999999925
0.5906999999999996
0.7269999999999999
0.8468000000000031
0.914100000000001
0.9250000000000036
0.9077999999999975
0.8829000000000031
0.8559999999999957
0.8183999999999969
0.7892999999999983
0.7761999999999991
0.7786999999999988
0.7962999999999998
0.8145000000000013
0.8327000000000029
0.8518999999999999
0.8664000000000005
0.8829000000000031
0.9097999999999995
0.9151999999999993
0.8801999999999977
0.7917999999999981
0.6357999999999975
0.4650000000000015
0.3742000000000023
0.33320000000000016
0.3041000000000016
0.27379999999999904
0.268199999999999
0.2906999999999993
0.2827999999999997
0.25280000000000025
0.2339999999999995
0.211299999999999
0.18809999999999938
0.18509999999999915
0.1899999999999999
0.19290000000000002
0.1916000000000001
0.18549999999999955
0.18529999999999935
0.18620000000000025
0.18330000000000013
0.17719999999999958
0.17580000000000096
0.179
0.18149999999999972
0.18600000000000005
0.18760000000000027
0.1695000000000002
0.1587000000000005
0.15529999999999988
0.15430000000000027
0.16129999999999894
0.16489999999999977
0.1450999999999994
0.12249999999999969
0.10619999999999935
0.10710000000000025
0.11530000000000012
0.12209999999999999
0.1252000000000003
0.1251000000000002
0.1252000000000003
0.12640000000000012
0.12899999999999995
0.12999999999999956
0.12850000000000014
0.12819999999999984
0.12809999999999974
0.12459999999999971
0.12020000000000017
0.11979999999999977
0.11859999999999996
0.11729999999999935
0.11979999999999977
0.12110000000000037
0.11960000000000026
0.15359999999999957
0.3053
0.3123999999999988
0.3725000000000006
0.5925999999999987
0.8595999999999993
1.051000000000002
1.1213999999999946
1.1220999999999925
1.153599999999999
1.1985000000000023
1.2127
1.2210999999999972
1.221899999999998
1.2216000000000005
1.2212
1.2209000000000025
1.220600000000005
1.221899999999998
1.2243000000000004
1.216600000000001
1.1646000000000045
1.1526000000000036
1.1489000000000082
1.0836999999999986
0.9056000000000008
0.6388000000000005
0.40840000000000043
0.34389999999999976
0.29489999999999794
0.17269999999999924
0.12780000000000014
0.09510000000000005
0.09390000000000023
0.09380000000000013
0.09300000000000003
0.09069999999999981
0.08860000000000048
0.08340000000000014
0.07520000000000027
0.16130000000000033
0.17670000000000047
0.2133999999999997
0.29770000000000074
0.3726000000000007
0.4167000000000004
0.4310000000000008
0.43330000000000035
0.469
0.5187999999999998
0.5262000000000017
0.5399000000000043
0.6263000000000019
0.6454000000000015
0.6622000000000017
0.7379999999999998
0.8415999999999979
0.912099999999999
0.9299999999999975
0.9281000000000039
0.9342000000000017
0.9666999999999981
0.9677999999999964
0.9552999999999978
0.935999999999998
0.9222000000000008
0.9216999999999975
0.9238000000000024
0.9132000000000029
0.8921000000000012
0.8906999999999998
0.8850999999999998
0.8246000000000031
0.8388000000000007
0.8539999999999992
0.7906000000000024
0.6989999999999996
0.6554000000000004
0.6734000000000018
0.6904999999999994
0.6944000000000006
0.6653999999999993
0.6645999999999985
0.6838999999999984
0.6944999999999979
0.683499999999998
0.6712999999999969
0.6979999999999986
0.7157000000000024
0.7193000000000005
0.7162000000000002
0.7128000000000023
0.7101999999999997
0.6669999999999954
0.6294999999999995
0.6371999999999989
0.6207000000000018
0.5582000000000031
0.4851000000000022
0.453400000000001
0.4160000000000025
0.3936999999999996
0.38849999999999996
0.31679999999999764
0.22810000000000052
0.18920000000000048
0.18750000000000017
0.1354999999999995
0.09759999999999977
0.09300000000000003
0.1574000000000006
0.18770000000000037
0.21660000000000013
0.32009999999999816
0.4407999999999995
0.5370999999999959
0.5879999999999996
0.5954000000000015
0.594699999999998
0.623499999999999
0.6218000000000001
0.6176000000000015
0.6168000000000007
0.617899999999999
0.6199999999999983
0.6220999999999977
0.6230000000000013
0.6232000000000015
0.6230000000000013
0.6227000000000038
0.5944000000000005
0.593100000000002
0.6753000000000009
0.6572999999999996
0.6574999999999998
0.753100000000001
0.8867000000000014
0.977699999999998
0.9977999999999987
0.9797
1.0455999999999965
1.0832000000000064
1.083999999999996
1.0837000000000097
1.082700000000003
1.082700000000003
1.084099999999999
1.0847999999999969
1.0838000000000014
1.0824000000000056
1.083500000000004
1.0689999999999977
1.0093999999999992
1.0010000000000019
1.0083999999999982
0.9906999999999999
0.9599999999999997
0.9496000000000004
0.9674000000000016
0.9631000000000001
0.8747000000000005
0.8141999999999983
0.8045999999999998
0.8105000000000029
0.8141000000000009
0.7981999999999989
0.7643999999999984
0.7272000000000001
0.6961999999999968
0.6753000000000009
0.6755000000000011
0.6711999999999996
0.6149999999999989
0.6190000000000029
0.6498999999999977
0.6386999999999976
0.5896999999999986
0.5489999999999995
0.5344999999999989
0.5417000000000005
0.5256999999999984
0.5058000000000007
0.5172999999999983
0.5018999999999996
0.4685999999999996
0.4686999999999997
0.6174999999999986
0.6070999999999993
0.621900000000003
0.7944000000000007
1.0102999999999973
1.0846000000000022
1.1024000000000034
1.1077000000000004
1.1131000000000002
1.1202000000000045
1.1334999999999984
1.1352999999999946
1.1316000000000104
1.1597999999999997
1.2288999999999994
1.2461000000000055
1.2527999999999984
1.2588999999999961
1.2634000000000034
1.2568999999999941
1.1769999999999947
1.1633999999999922
1.1601000000000083
1.0651999999999995
0.851200000000002
0.7069000000000047
0.6305999999999978
0.5808999999999953
0.5757999999999985
0.5579999999999974
0.4371999999999987
0.31039999999999957
0.26690000000000047
0.25190000000000073
0.1117999999999994
0.09540000000000035
0.09560000000000055
0.10010000000000019
0.10569999999999954
0.10589999999999974
0.10670000000000054
0.10709999999999956
0.10690000000000005
0.10420000000000013
0.10309999999999972
0.10379999999999973
0.10560000000000014
0.10640000000000024
0.09819999999999968
0.08890000000000009
0.08230000000000043
0.07129999999999984
0.06859999999999991
0.068
0.068
0.07980000000000001
0.14049999999999896
0.14839999999999992
0.22220000000000018
0.34229999999999816
0.4488999999999993
0.5123000000000016
0.5301
0.5291000000000018
0.5460999999999994
0.5572000000000021
0.5525000000000002
0.5486999999999964
0.5464000000000024
0.5452000000000012
0.5442000000000002
0.5433000000000021
0.5426000000000042
0.5417000000000005
0.5421000000000009
0.5384
0.5085999999999979
0.5009999999999987
0.49059999999999937
0.4436000000000023
0.3567999999999988
0.270200000000001
0.33040000000000014
0.3383999999999998
0.3922000000000009
0.43340000000000045
1.7728999999999995
6.174000000000001
5.641299999999999
4.324800000000001
5.305700000000002
6.058200000000003
5.419799999999997
5.2842
4.372100000000001
3.3797999999999995
2.8215999999999966
3.4345000000000017
4.298200000000002
