2.133799999999997
2.0995000000000044
2.0511
2.018700000000001
2.182800000000001
2.331100000000003
2.2975999999999996
2.2654000000000005
2.2434999999999983
2.188699999999999
2.190500000000001
2.1450000000000022
2.1119999999999974
2.043499999999998
1.8930000000000002
1.8322000000000005
1.764199999999999
1.673199999999997
1.6475000000000017
1.5005999999999964
1.3727999999999962
1.2354999999999978
1.131399999999999
1.1942000000000008
1.0907
0.8812999999999988
0.8980000000000016
0.9390999999999983
1.1955999999999993
1.4500999999999986
1.6465000000000007
1.7303999999999986
1.7386000000000013
2.1742999999999957
2.6105000000000045
2.6897999999999977
2.9009000000000063
3.4235999999999933
4.1695999999999955
4.811600000000005
5.082900000000001
5.114300000000005
5.107899999999999
5.164199999999997
5.293100000000006
5.288899999999996
5.143600000000004
5.126000000000008
5.281000000000002
5.529600000000001
5.766899999999997
6.007899999999999
6.101000000000001
5.932999999999988
5.592300000000017
5.443599999999993
5.471100000000007
5.439800000000005
5.1678
4.728100000000001
4.490899999999998
4.478000000000004
4.5287999999999995
4.5414000000000065
4.409600000000003
4.299599999999993
4.275499999999999
4.265200000000002
4.15049999999999
3.885700000000003
3.549099999999994
3.114399999999995
2.7747999999999995
2.301900000000001
2.0235000000000003
2.0459999999999976
2.2149000000000028
2.2376000000000005
2.2067000000000005
2.37
2.7359999999999998
2.950700000000006
2.952200000000005
2.929599999999999
3.1179000000000068
3.4340000000000037
3.6627999999999994
3.705599999999998
3.702899999999998
3.7824999999999998
3.8233000000000072
3.784900000000002
3.7165000000000004
3.7084000000000006
3.7161
3.7078000000000055
3.604099999999999
3.5196000000000005
3.53190000000001
3.4798999999999913
3.199099999999999
2.92960000000001
2.842699999999998
2.8703000000000034
2.826899999999999
2.6888999999999994
2.604200000000001
2.628500000000006
2.582799999999996
2.265600000000001
1.870999999999995
1.477299999999998
1.2664000000000009
1.0714000000000001
0.9844999999999993
0.9378999999999998
0.8707999999999994
0.6934999999999997
0.5740999999999996
0.5682000000000007
0.5788000000000002
0.5954000000000002
0.6010000000000002
0.6336999999999995
0.7739999999999997
1.0336000000000012
1.3151999999999997
1.5477999999999992
1.6161000000000036
1.621499999999998
1.6156000000000004
1.6430999999999973
1.6351000000000004
1.5778000000000014
1.5564000000000022
1.5442000000000011
1.6340999999999994
1.9062999999999997
2.1253999999999995
2.157300000000001
2.1050000000000013
2.1177
2.316699999999999
2.440400000000004
2.4441999999999964
2.462500000000001
2.4468999999999963
2.384900000000001
2.365400000000001
2.3859999999999992
2.4227
2.3770000000000016
2.3206999999999978
2.299400000000001
2.2670999999999997
2.2587000000000024
2.227399999999996
2.0301000000000013
1.7741000000000007
1.6921999999999993
1.6913999999999985
1.6272000000000009
1.3549000000000033
1.1483999999999994
1.2263999999999997
1.3359999999999983
1.4631000000000005
1.6417999999999988
1.8389999999999962
1.890200000000003
1.9359999999999988
1.9492999999999983
1.9034999999999969
1.8905999999999978
1.9920999999999967
2.1610999999999994
2.2971999999999992
2.326600000000001
2.283499999999999
2.2706000000000004
2.2381000000000038
2.2002000000000024
2.185300000000001
2.186100000000002
2.183600000000002
2.1733000000000002
2.1789999999999976
2.143499999999998
2.072999999999997
2.0067999999999975
1.854800000000001
1.7925999999999997
1.8228999999999995
1.8419000000000019
1.7538999999999971
1.5830999999999984
1.4146999999999965
1.3683000000000027
1.3658000000000003
1.3496000000000037
1.350800000000002
1.422599999999996
1.5338999999999992
1.751999999999998
1.8677
1.8685000000000007
1.8799999999999983
1.9108000000000014
1.9284000000000023
1.9419999999999993
1.9233999999999973
1.8135000000000012
1.6861000000000015
1.6347
1.634800000000003
1.6934000000000005
1.8293000000000004
1.9689000000000012
2.0252999999999965
2.0327000000000037
2.0899
2.149699999999999
2.1340000000000026
1.961099999999999
1.8761000000000028
1.999200000000001
2.1459000000000006
2.157199999999998
2.138000000000001
2.0923999999999996
2.0255000000000023
1.971400000000001
1.9367000000000023
1.8342000000000025
1.7714000000000008
1.775899999999997
1.7322000000000004
1.6586000000000045
1.6598000000000002
1.6649999999999998
1.5495000000000037
1.336799999999999
1.1684
1.1433
1.1647999999999992
1.1276999999999981
1.0063000000000017
0.9778999999999982
0.9661000000000003
0.9668999999999983
0.9565999999999991
0.9443000000000007
0.9688999999999975
1.0078000000000005
1.0480000000000018
1.0669000000000013
1.133999999999999
1.269200000000001
1.1809999999999987
1.0373999999999994
0.9910000000000002
0.9944000000000008
1.0938000000000003
1.1785000000000019
1.2012999999999996
1.2452999999999992
1.3080999999999983
1.5254999999999963
1.6251999999999989
1.6277000000000041
1.6328999999999982
1.638400000000001
1.678099999999999
1.665300000000003
1.6483000000000025
1.6255999999999993
1.5604000000000007
1.3569000000000027
1.2427000000000021
1.2392999999999987
1.2392999999999987
1.2069999999999999
1.2322
1.2266
1.2483999999999995
1.3724000000000014
1.4583999999999986
1.3846999999999998
1.3554999999999984
1.5337000000000045
1.8469000000000013
1.8589999999999995
1.8195000000000017
1.848500000000003
1.8631000000000009
1.852699999999996
1.8727999999999967
1.9830000000000014
2.084999999999998
2.092500000000003
2.062999999999998
2.059700000000003
2.120300000000003
2.3027999999999995
2.3673999999999973
2.2339999999999973
2.1206999999999976
2.1583999999999994
2.2612999999999994
2.2658000000000014
2.0932000000000004
2.0710000000000006
2.001199999999997
1.8901999999999974
1.8421999999999994
1.899400000000001
1.958399999999999
1.9308000000000047
1.8595999999999946
1.852699999999996
1.932600000000001
2.1215000000000037
2.1934999999999985
2.1472999999999964
2.266499999999999
2.3488000000000007
2.3419999999999996
2.2940000000000014
2.270100000000003
2.280199999999999
2.292799999999995
2.3372
2.3474999999999966
2.4402000000000035
2.5868
2.9747999999999997
3.710099999999994
4.424600000000001
4.962699999999998
5.180099999999999
5.201600000000006
5.152000000000001
4.979600000000007
4.757499999999992
4.394600000000004
4.0852
3.81220000000001
3.7189000000000028
3.743099999999999
3.7892000000000037
3.718200000000005
3.2935999999999965
3.0352999999999963
2.987200000000001
2.951999999999999
2.932900000000005
2.770000000000006
2.4838000000000027
2.1710999999999983
2.1355000000000013
2.3515000000000006
2.3183999999999982
2.282400000000001
2.2272000000000016
2.1144
1.9870999999999972
1.8527000000000016
1.8502999999999992
1.9013999999999975
1.9394000000000022
1.9446999999999992
1.9394000000000022
1.9832000000000016
1.9532999999999967
1.730100000000001
1.332899999999998
1.100699999999999
1.0217999999999976
1.0211999999999999
1.0938000000000003
1.1035000000000017
1.0995000000000004
1.019499999999998
0.883500000000001
0.8355000000000001
0.9059999999999985
1.0228000000000015
1.1382000000000003
1.1824000000000001
1.1815999999999993
1.1587000000000014
1.1858000000000009
1.2457000000000025
1.2369999999999992
1.2365000000000015
1.3219000000000007
1.3155000000000001
1.2643999999999989
1.2687000000000004
1.289800000000002
1.3077999999999979
1.3671000000000015
1.4163000000000037
1.4270000000000005
1.450800000000002
1.4824000000000004
1.4158000000000004
1.3307999999999987
1.4071
1.436599999999999
1.4430999999999972
1.4471999999999985
1.4515999999999973
1.4743000000000006
1.474700000000001
1.424700000000001
1.4311999999999991
1.5220999999999985
1.572100000000004
1.5606000000000009
1.648000000000005
1.7673999999999968
1.9726999999999995
2.1407000000000007
2.175499999999997
2.1440000000000015
2.270899999999998
2.359899999999998
2.3397999999999977
2.340300000000001
2.3650999999999978
2.3955
2.376100000000003
2.345899999999995
2.320300000000003
2.2786000000000026
2.275699999999997
2.186699999999997
2.0845000000000002
2.083499999999999
2.0623000000000005
1.9998000000000016
1.847800000000005
1.6917000000000015
1.6842999999999997
1.7480999999999969
1.518400000000003
1.338900000000001
1.4390999999999987
1.4634000000000036
1.3189000000000006
2.123400000000003
1.8484
1.0220000000000007
1.2697000000000014
1.977699999999999
2.7866
3.620000000000001
4.242800000000003
4.364200000000001
4.223100000000002
2.2020000000000013
2.1735000000000007
7.3325000000000005
