0.7920999999999956
0.7613000000000092
0.7340999999999931
0.7091999999999987
0.6869000000000014
0.669199999999992
0.6774000000000058
0.703100000000001
0.7090000000000041
0.5747000000000002
0.45960000000000445
0.4151000000000016
0.42139999999999955
0.4222999999999977
0.4198000000000035
0.42270000000000363
0.4187000000000052
0.39609999999999923
0.3921000000000008
0.3909999999999969
0.38120000000000376
0.358799999999998
0.31340000000000257
0.2711999999999992
0.22659999999999902
0.17830000000000068
0.22340000000000138
0.3124999999999989
0.41039999999999965
0.4726000000000008
0.4881000000000024
0.48210000000000197
0.4858000000000029
0.496000000000002
0.5059000000000036
0.5296000000000023
0.5355999999999972
0.5377000000000021
0.5554000000000003
0.6124000000000018
0.6817000000000073
0.7230999999999987
0.7272999999999974
0.7184999999999997
0.707100000000005
0.7120000000000015
0.7145000000000068
0.7032999999999956
0.6785000000000041
0.653999999999999
0.6489999999999996
0.6765999999999939
0.7186999999999943
0.7509000000000099
0.7549000000000028
0.7444000000000006
0.7437999999999945
0.7495999999999947
0.7451999999999903
0.7174999999999931
0.6558999999999982
0.5571999999999966
0.48699999999999855
0.511199999999995
0.5790000000000017
0.6415999999999977
0.6686999999999999
0.6581999999999977
0.6473000000000062
0.6485999999999992
0.6494
0.6453000000000042
0.6260999999999961
0.6063999999999958
0.6060000000000065
0.611600000000001
0.6125000000000047
0.6213999999999942
0.640699999999994
0.6384999999999974
0.5946000000000007
0.5639000000000005
0.5614999999999981
0.5701999999999985
0.5381000000000025
0.4765000000000019
0.43259999999999965
0.42859999999999565
0.4267000000000021
0.41910000000000003
0.4169000000000034
0.42300000000000115
0.43199999999999905
0.4420000000000035
0.4512000000000016
0.4504000000000008
0.45139999999999625
0.4338999999999982
0.38389999999999813
0.3054000000000001
0.2239999999999992
0.1496000000000025
0.11220000000000119
0.11069999999999969
0.11329999999999951
0.11779999999999985
0.11940000000000006
0.12419999999999931
0.18810000000000215
0.32159999999999966
0.4680999999999991
0.5709999999999993
0.6444999999999923
0.669900000000001
0.6606000000000001
0.6681999999999966
0.6747000000000059
0.6862999999999952
0.6973000000000007
0.7008000000000014
0.7123999999999908
0.7233999999999963
0.7275999999999949
0.7253999999999983
0.7269999999999999
0.7298000000000027
0.7282999999999928
0.7279000000000035
0.7325000000000026
0.7102000000000053
0.642100000000001
0.5401000000000045
0.38970000000000393
0.22809999999999775
0.15120000000000133
0.15350000000000086
0.15630000000000088
0.1690999999999998
0.19450000000000023
0.21889999999999965
0.23709999999999842
0.25730000000000197
0.27359999999999884
0.2805000000000002
0.27379999999999904
0.26179999999999815
0.25209999999999955
0.24270000000000125
0.2371000000000012
0.23189999999999877
0.22959999999999925
0.22079999999999878
0.20569999999999755
0.18900000000000028
0.1686999999999994
0.14209999999999917
0.10970000000000008
0.08569999999999967
0.0789999999999999
0.07510000000000017
0.06390000000000007
0.056799999999999906
0.056499999999999606
0.06340000000000026
0.06859999999999991
0.07250000000000034
0.07500000000000007
0.07429999999999937
0.07249999999999965
0.07080000000000003
0.06930000000000061
0.09239999999999943
0.13709999999999972
0.14349999999999918
0.21000000000000185
0.3139999999999976
0.40779999999999705
0.4632000000000025
0.4749000000000003
0.47060000000000435
0.5007999999999957
0.5218999999999974
0.5268999999999968
0.5300000000000027
0.5315000000000014
0.5315999999999987
0.5313999999999985
0.5305000000000004
0.5294999999999994
0.5292000000000019
0.529099999999999
0.5210999999999966
0.4995000000000027
0.49659999999999704
0.4857
0.4415000000000002
0.3585000000000005
0.2594000000000013
0.19839999999999858
0.1915
0.1364000000000004
0.06900000000000031
0.04730000000000012
0.03459999999999991
0.03580000000000007
0.04170000000000007
0.042099999999999776
0.04159999999999997
0.041400000000000464
0.042400000000000077
0.046700000000000214
0.06049999999999944
0.07500000000000007
0.08700000000000097
0.0904000000000002
0.0900999999999999
0.08819999999999939
0.08439999999999975
0.08039999999999992
0.07640000000000008
0.07139999999999994
0.0678000000000005
0.0671999999999999
0.06950000000000012
0.07259999999999975
0.07619999999999988
0.07670000000000038
0.07529999999999898
0.07329999999999975
0.07340000000000055
0.07370000000000015
0.07090000000000013
0.06469999999999948
0.056000000000000494
0.05119999999999986
0.04839999999999983
0.047799999999999926
0.04809999999999953
0.04870000000000013
0.05129999999999996
0.05179999999999976
0.05189999999999986
0.052999999999999575
0.05470000000000058
0.058499999999999525
0.06439999999999987
0.07059999999999983
0.07440000000000016
0.07709999999999939
0.10920000000000096
0.1346
0.15630000000000088
0.2507000000000009
0.33110000000000084
0.35580000000000056
0.39919999999999956
0.4450999999999983
0.462499999999999
0.45780000000000265
0.45680000000000165
0.4500000000000004
0.45079999999999565
0.4975000000000007
0.5259999999999987
0.5286000000000013
0.5305000000000004
0.5334000000000005
0.5427999999999988
0.547000000000003
0.5282999999999982
0.5056000000000005
0.5056000000000005
0.49530000000000407
0.4750000000000032
0.4691999999999974
0.4446999999999979
0.4037999999999986
0.37719999999999976
0.3738000000000019
0.35229999999999984
0.3388000000000002
0.3398000000000012
0.2902999999999989
0.24440000000000017
0.2371000000000012
0.23510000000000197
0.23849999999999982
0.22609999999999852
0.21780000000000133
0.21839999999999915
0.21710000000000063
0.20920000000000105
0.18569999999999975
0.15529999999999988
0.13750000000000012
0.13390000000000069
0.1338999999999993
0.1337999999999992
0.14420000000000127
0.14869999999999883
0.1477000000000006
0.14789999999999942
0.15239999999999976
0.160200000000002
0.16579999999999928
0.16589999999999938
0.16649999999999998
0.17619999999999858
0.17610000000000126
0.17590000000000106
0.17629999999999868
0.17669999999999908
0.17650000000000166
0.17619999999999858
0.17509999999999748
0.17459999999999976
0.17469999999999986
0.17500000000000016
0.16670000000000018
0.16299999999999926
0.16149999999999776
0.14880000000000032
0.12739999999999974
0.09950000000000098
0.09160000000000001
0.15430000000000166
0.16539999999999888
0.18719999999999848
0.23829999999999962
0.30040000000000067
0.35880000000000356
0.3908999999999996
0.39629999999999943
0.4244999999999999
0.4445000000000032
0.4478999999999955
0.45880000000000365
0.4695000000000005
0.47909999999999897
0.47929999999999917
0.4834999999999978
0.5244000000000026
0.6180999999999992
0.6615999999999955
0.6689000000000056
0.651400000000002
0.6457000000000046
0.6439000000000084
0.6531999999999982
0.6347999999999909
0.612299999999999
0.6774000000000058
0.8434000000000053
0.9139000000000008
0.917100000000004
0.919800000000004
0.9184999999999999
0.9159000000000028
0.9219000000000088
0.9298999999999946
0.9268000000000054
0.9213000000000027
0.9281000000000095
0.9145999999999987
0.9044000000000052
0.9037000000000073
0.9167000000000036
0.9288999999999992
0.9087999999999985
0.8908000000000027
0.8901999999999965
0.8671000000000095
0.7712000000000052
0.703699999999996
0.7055999999999951
0.7365999999999984
0.7823000000000024
0.827599999999995
0.8594999999999908
0.8823000000000025
0.8875999999999995
0.8349000000000051
0.6541000000000019
0.5266999999999966
0.4844999999999988
0.5396000000000012
0.6235999999999908
0.6745000000000001
0.687099999999996
0.691799999999998
0.6979999999999986
0.7009000000000043
0.7037999999999989
0.7192000000000087
0.7352999999999943
0.7368999999999959
0.699099999999997
0.6268999999999969
0.5521999999999971
0.4701000000000011
0.3958000000000017
0.32030000000000114
0.26490000000000125
0.23239999999999927
0.23230000000000195
0.23189999999999877
0.22039999999999837
0.21670000000000023
0.21700000000000053
0.21310000000000218
0.2150000000000013
0.21740000000000093
0.2242999999999995
0.22639999999999882
0.22639999999999882
0.2238999999999991
0.2246999999999999
0.26209999999999845
0.33259999999999956
0.40930000000000133
0.47679999999999945
0.5147000000000013
0.5208000000000046
0.5110999999999977
0.4971000000000003
0.4819999999999991
0.4608000000000001
0.44440000000000035
0.4369999999999985
0.4384999999999972
0.4483999999999988
0.4585999999999979
0.4688999999999999
0.47960000000000225
0.48779999999999935
0.4971000000000003
0.5122999999999989
0.5153000000000019
0.4956000000000016
0.4457999999999962
0.3579999999999972
0.2618000000000009
0.21070000000000255
0.18760000000000165
0.1712000000000019
0.15419999999999878
0.15099999999999836
0.16369999999999996
0.15919999999999823
0.14239999999999947
0.13169999999999987
0.11889999999999956
0.10589999999999905
0.10429999999999884
0.10700000000000015
0.10859999999999898
0.10790000000000105
0.10439999999999894
0.10430000000000023
0.10490000000000083
0.10320000000000051
0.09979999999999989
0.09900000000000048
0.1007999999999995
0.10219999999999951
0.10469999999999924
0.10560000000000014
0.09539999999999965
0.08930000000000049
0.08739999999999998
0.08689999999999948
0.09089999999999931
0.09279999999999983
0.08169999999999983
0.06899999999999962
0.05979999999999944
0.06029999999999994
0.06490000000000037
0.06870000000000001
0.07050000000000042
0.07040000000000032
0.07049999999999973
0.07119999999999974
0.07270000000000054
0.07320000000000035
0.07240000000000024
0.07220000000000004
0.07220000000000004
0.07020000000000012
0.0676999999999997
0.0675000000000002
0.06680000000000019
0.06599999999999939
0.0674000000000001
0.0682000000000002
0.0673
0.08650000000000047
0.17189999999999983
0.17589999999999828
0.20969999999999878
0.3336999999999979
0.4840000000000011
0.5917999999999979
0.6314000000000042
0.6317999999999935
0.6495000000000029
0.6747999999999976
0.6827999999999945
0.6874999999999964
0.6879999999999997
0.687799999999994
0.6875999999999993
0.6874000000000047
0.6873000000000018
0.6879999999999997
0.6892999999999927
0.6850000000000023
0.6557000000000035
0.6488999999999967
0.6469000000000058
0.6102000000000052
0.509900000000002
0.35969999999999613
0.22999999999999965
0.19359999999999933
0.16599999999999948
0.09720000000000006
0.07199999999999984
0.053500000000000075
0.05290000000000017
0.05280000000000007
0.05240000000000036
0.05099999999999966
0.04990000000000064
0.047000000000000514
0.042299999999999977
0.0908000000000006
0.09949999999999959
0.12019999999999947
0.16760000000000108
0.20980000000000165
0.2345999999999987
0.24270000000000125
0.24399999999999977
0.26410000000000045
0.2920999999999979
0.2963000000000021
0.30400000000000427
0.35259999999999736
0.3634000000000026
0.37289999999999823
0.4154999999999964
0.47379999999999645
0.5135000000000001
0.5236000000000018
0.5225000000000035
0.5259999999999987
0.5442999999999976
0.5448999999999982
0.5378999999999967
0.5269999999999997
0.5191999999999974
0.5188999999999999
0.5201999999999984
0.514199999999998
0.5023
0.5014999999999992
0.49839999999999884
0.4643000000000008
0.4722999999999977
0.48080000000000345
0.44520000000000115
0.3935999999999995
0.36900000000000266
0.37920000000000176
0.38880000000000026
0.3909999999999969
0.37470000000000003
0.37419999999999676
0.38509999999999933
0.3910999999999998
0.3848000000000018
0.377999999999995
0.3929999999999989
0.4029999999999978
0.4049999999999998
0.4033000000000009
0.40140000000000176
0.3998999999999975
0.37559999999999816
0.35439999999999916
0.3587000000000007
0.3495000000000026
0.3143000000000007
0.2731000000000011
0.25529999999999997
0.23420000000000107
0.22169999999999968
0.21879999999999955
0.1782999999999979
0.12840000000000074
0.10650000000000104
0.10560000000000014
0.07629999999999998
0.05490000000000009
0.05240000000000036
0.08860000000000118
0.10570000000000024
0.12199999999999989
0.1801999999999998
0.24819999999999842
0.3023999999999971
0.33110000000000084
0.33520000000000216
0.33480000000000176
0.35109999999999864
0.35009999999999764
0.3477000000000008
0.3473000000000004
0.347900000000001
0.34909999999999664
0.35029999999999784
0.3508000000000011
0.35089999999999844
0.3508000000000011
0.3506000000000009
0.33460000000000156
0.33400000000000096
0.3801999999999972
0.370100000000001
0.37020000000000386
0.42400000000000215
0.49919999999999964
0.5504999999999982
0.5618000000000012
0.5516999999999994
0.5886999999999976
0.6099000000000077
0.610299999999997
0.6102000000000052
0.6096000000000101
0.6096000000000101
0.6103999999999998
0.6108000000000002
0.610299999999997
0.6094000000000044
0.6101000000000023
0.6018999999999997
0.5682999999999994
0.563600000000003
0.5677999999999961
0.5579000000000001
0.5406000000000022
0.5346999999999991
0.5447000000000035
0.5423000000000011
0.49250000000000127
0.4583999999999977
0.4530000000000034
0.45640000000000125
0.4583999999999977
0.4493999999999998
0.430400000000003
0.4094000000000042
0.3919999999999979
0.38020000000000276
0.3803000000000001
0.3778999999999977
0.3462999999999994
0.3485000000000016
0.3658999999999968
0.3595999999999988
0.33199999999999896
0.30910000000000104
0.3008999999999984
0.3049999999999997
0.29599999999999904
0.2848000000000017
0.2912999999999999
0.2825999999999995
0.26390000000000025
0.26390000000000025
0.3475999999999979
0.34179999999999766
0.3502000000000005
0.4473000000000005
0.5689
0.6106999999999974
0.6206999999999963
0.6237000000000048
0.6266999999999912
0.630799999999998
0.6381999999999999
0.6391999999999953
0.6372000000000044
0.6529999999999925
0.6919000000000008
0.7016000000000022
0.7054000000000005
0.7087999999999983
0.7114000000000065
0.7077
0.6626999999999938
0.6549999999999945
0.6532000000000093
0.5997999999999948
0.47929999999999917
0.3980000000000039
0.3550999999999971
0.32709999999999684
0.32420000000000226
0.3141999999999978
0.2461999999999992
0.17479999999999996
0.15030000000000043
0.14180000000000026
0.06299999999999986
0.053700000000000275
0.053800000000000375
0.0564000000000002
0.05949999999999983
0.05959999999999993
0.06010000000000043
0.06029999999999994
0.06019999999999984
0.058699999999999725
0.05809999999999982
0.05840000000000012
0.05949999999999983
0.05990000000000023
0.055299999999999794
0.050100000000000144
0.04630000000000051
0.04009999999999986
0.038599999999999746
0.03830000000000014
0.038299999999999446
0.044900000000000495
0.0791
0.08360000000000034
0.1251000000000002
0.19269999999999843
0.25270000000000015
0.28839999999999977
0.29839999999999867
0.29789999999999817
0.30749999999999944
0.3137000000000001
0.3110999999999975
0.3088999999999953
0.3076000000000023
0.3070000000000017
0.3064000000000011
0.3059000000000034
0.305500000000003
0.3049999999999997
0.3051999999999999
0.30320000000000347
0.28639999999999777
0.282099999999999
0.27619999999999867
0.24980000000000002
0.2008999999999983
0.15209999999999946
0.18600000000000005
0.190499999999999
0.22080000000000155
0.3112999999999977
0.412499999999999
0.48030000000000017
0.5046999999999968
0.5049999999999999
0.5267999999999995
0.5457999999999963
0.5491999999999997
0.5588000000000037
0.5579999999999974
0.5558000000000007
0.5613000000000035
0.5852999999999997
0.616899999999998
0.6390999999999925
0.6423999999999985
0.6496000000000057
0.6205000000000016
0.6050999999999918
0.6036999999999959
0.593400000000005
0.5653000000000019
0.5318999999999963
0.5189999999999972
0.5330999999999975
0.5388000000000004
0.5760999999999961
0.5879000000000023
0.5786999999999987
0.6168000000000062
0.687900000000008
0.7589999999999986
0.7873000000000019
0.7776000000000005
0.787199999999999
0.8267999999999942
0.8241000000000054
0.8248999999999951
0.8333000000000035
0.8369999999999989
0.8299999999999974
0.8244999999999947
0.8262999999999909
0.8292999999999995
0.8199000000000067
0.7932999999999968
0.7387000000000032
0.7171000000000038
0.7355
0.7483000000000017
0.7265999999999995
0.6724000000000063
0.6295999999999968
0.6248999999999949
0.6106999999999974
0.5510999999999988
0.5278000000000005
0.5027000000000004
0.48020000000000285
0.464500000000001
0.4608000000000001
0.4622999999999988
0.46459999999999835
0.46599999999999975
0.46649999999999747
0.46700000000000075
0.4695999999999978
0.4952999999999985
0.6004999999999927
0.7363000000000008
0.8143000000000011
0.8433000000000024
0.8487000000000022
0.8381000000000083
0.8045999999999998
0.7781999999999956
0.7738000000000023
0.768000000000002
0.7417000000000007
0.7140999999999953
0.6924999999999959
0.6711000000000023
0.6437999999999944
0.6199999999999983
0.6038000000000099
0.6051000000000029
0.6207999999999991
0.6357999999999975
0.5996000000000001
0.48100000000000365
0.36860000000000226
0.32270000000000354
0.33259999999999956
0.35430000000000184
0.37299999999999556
0.38399999999999546
0.3587000000000007
0.2697000000000005
0.23809999999999942
0.3742000000000023
1.4206000000000025
1.7457
1.3417999999999985
7.367799999999996
9.171800000000008
8.531099999999991
8.834300000000006
2.490300000000001
0.7124999999999937
2.5522999999999962
1.9751999999999992
1.0871999999999993
8.29749999999999
11.803200000000002
