2.1181999999999923
2.035700000000007
1.9630999999999954
1.8964999999999899
1.8369999999999997
1.789699999999994
1.8113999999999963
1.8801999999999985
1.8959999999999977
1.537000000000005
1.2290000000000023
1.1101000000000028
1.1268999999999973
1.129399999999997
1.1228000000000016
1.130500000000001
1.1197000000000012
1.059199999999999
1.0484000000000049
1.0456999999999994
1.0196000000000038
0.9597000000000022
0.8381000000000027
0.725400000000001
0.6058000000000008
0.47699999999999965
0.5975000000000008
0.8357000000000003
1.0975999999999986
1.2639000000000011
1.305400000000001
1.2891000000000041
1.299100000000003
1.3263999999999998
1.3529000000000013
1.4165000000000039
1.4322999999999975
1.4378999999999975
1.4853999999999978
1.6376999999999975
1.8232000000000026
1.9337000000000049
1.9450999999999996
1.9213999999999953
1.8909999999999982
1.9042000000000003
1.9106000000000067
1.8808999999999965
1.814300000000002
1.7491000000000034
1.7356000000000038
1.8093000000000026
1.9217999999999957
2.0082000000000044
2.0186999999999955
1.9908000000000037
1.9890999999999992
2.0047000000000037
1.9928999999999975
1.9189000000000012
1.7541000000000029
1.4900999999999998
1.3025000000000009
1.3670999999999989
1.548300000000008
1.7158999999999924
1.788400000000001
1.7600999999999978
1.7311000000000076
1.7345000000000055
1.7365000000000075
1.725600000000005
1.6742999999999952
1.6217999999999955
1.6206999999999971
1.6357999999999984
1.6378000000000004
1.6615999999999964
1.7133999999999983
1.7074000000000034
1.5901999999999972
1.508100000000001
1.5015
1.5247999999999984
1.4388000000000012
1.2743000000000004
1.1570000000000025
1.1461999999999972
1.1410000000000031
1.1207000000000022
1.1148000000000047
1.1311999999999989
1.1554000000000009
1.1822
1.2068000000000023
1.2046000000000001
1.206999999999997
1.1604000000000003
1.026699999999997
0.8167000000000035
0.5989999999999995
0.40010000000000046
0.30000000000000027
0.29600000000000043
0.3029999999999991
0.3151000000000001
0.31940000000000024
0.33199999999999896
0.5032000000000009
0.8599999999999997
1.2517
1.526999999999995
1.7235999999999918
1.791699999999996
1.7665000000000042
1.7869999999999941
1.804400000000006
1.8353999999999981
1.8647999999999998
1.8741000000000008
1.90499999999999
1.9344999999999946
1.9456999999999947
1.9398999999999944
1.9441000000000042
1.9518000000000035
1.9475999999999938
1.9466000000000094
1.9588999999999968
1.8992000000000009
1.7170000000000019
1.4445000000000041
1.0423000000000016
0.6099999999999994
0.404400000000002
0.41049999999999975
0.4181000000000018
0.4522999999999999
0.5201999999999984
0.5856
0.6340999999999986
0.6883
0.731699999999999
0.7502000000000009
0.7320999999999994
0.7000000000000006
0.6739999999999996
0.6489999999999996
0.6340000000000012
0.6199999999999983
0.614099999999998
0.5903999999999993
0.5501999999999979
0.5053000000000002
0.4512999999999989
0.3798999999999997
0.2934000000000006
0.22910000000000014
0.21130000000000038
0.2008999999999997
0.17090000000000022
0.15189999999999995
0.15099999999999975
0.1694000000000001
0.18349999999999964
0.19410000000000052
0.20050000000000068
0.19880000000000037
0.19389999999999963
0.18939999999999999
0.18540000000000015
0.2471000000000001
0.36660000000000026
0.3836999999999993
0.5615000000000009
0.8397999999999961
1.0905999999999971
1.2388999999999983
1.2699000000000016
1.2586000000000042
1.339199999999996
1.3954999999999995
1.4089999999999991
1.4173000000000047
1.4212000000000002
1.421699999999998
1.4212000000000002
1.4187000000000005
1.4160000000000006
1.4152999999999971
1.4147999999999994
1.3934999999999975
1.3357000000000008
1.3280000000000014
1.2990000000000002
1.180800000000004
0.9586999999999957
0.6936999999999999
0.5305000000000004
0.5120000000000013
0.36479999999999985
0.18439999999999984
0.12649999999999953
0.09249999999999987
0.09569999999999995
0.1114999999999998
0.1126999999999996
0.1112999999999996
0.11070000000000038
0.1133000000000002
0.1250000000000001
0.16179999999999944
0.2004999999999993
0.23270000000000096
0.24160000000000015
0.24090000000000084
0.2359
0.2257999999999996
0.2151
0.20440000000000041
0.1908
0.1815000000000004
0.1798000000000001
0.18579999999999985
0.19419999999999993
0.2038000000000012
0.20509999999999973
0.2013000000000001
0.19610000000000044
0.19619999999999985
0.19689999999999985
0.18960000000000019
0.17299999999999954
0.14979999999999993
0.13690000000000022
0.12949999999999975
0.12790000000000024
0.12879999999999975
0.13010000000000035
0.13720000000000052
0.13859999999999983
0.13880000000000003
0.14179999999999957
0.1464
0.1563999999999996
0.17220000000000013
0.18890000000000018
0.19909999999999997
0.20619999999999944
0.2920000000000006
0.3601000000000007
0.4180000000000017
0.6704999999999989
0.8854000000000029
0.9514999999999996
1.067499999999999
1.1902000000000024
1.236799999999999
1.2241000000000002
1.2217000000000033
1.2033000000000016
1.2054999999999982
1.3304000000000038
1.4066000000000023
1.4135999999999982
1.4187999999999978
1.4265000000000028
1.4515999999999973
1.4629000000000003
1.4129000000000003
1.3522000000000034
1.3519999999999976
1.3245000000000007
1.270199999999999
1.2546999999999975
1.189399999999996
1.0799000000000003
1.008600000000004
0.9996000000000005
0.9421999999999986
0.9059999999999957
0.9087000000000012
0.7764999999999966
0.6536000000000014
0.6341999999999987
0.6286000000000014
0.6378999999999996
0.6045999999999996
0.5823999999999996
0.5840999999999985
0.5805000000000005
0.5593000000000015
0.4965999999999998
0.4152000000000017
0.36769999999999997
0.3580000000000014
0.3582000000000002
0.3577999999999998
0.3857000000000013
0.39760000000000073
0.395100000000001
0.3955
0.40759999999999963
0.4283000000000009
0.44329999999999925
0.44369999999999965
0.44530000000000125
0.4712999999999995
0.4710999999999993
0.4704000000000014
0.4713999999999996
0.4725000000000007
0.4720000000000002
0.4713999999999996
0.4682999999999993
0.46680000000000055
0.46730000000000105
0.46790000000000165
0.44580000000000175
0.4359000000000002
0.43179999999999885
0.39799999999999974
0.34059999999999924
0.26610000000000106
0.24510000000000087
0.41280000000000205
0.4422000000000009
0.5005999999999983
0.6373000000000018
0.8032000000000039
0.959500000000002
1.0454999999999992
1.0597999999999996
1.1353000000000002
1.1886000000000008
1.197699999999996
1.226900000000003
1.2554999999999983
1.281199999999999
1.2817999999999996
1.2932
1.4024000000000036
1.6528999999999905
1.769199999999993
1.7888000000000015
1.741999999999999
1.726800000000006
1.7221000000000042
1.7468999999999957
1.6976999999999909
1.6374
1.811600000000002
2.255499999999999
2.4441000000000046
2.452500000000002
2.459800000000001
2.456399999999992
2.4494999999999933
2.4654999999999982
2.4868
2.4785000000000057
2.463800000000005
2.4819000000000035
2.4460000000000037
2.418600000000004
2.4167999999999967
2.451700000000001
2.484200000000003
2.4302000000000046
2.382300000000004
2.380799999999994
2.318700000000007
2.0623999999999976
1.881899999999992
1.8869000000000025
1.969899999999991
2.0921999999999996
2.213200000000004
2.298699999999998
2.359600000000006
2.373599999999998
2.2326999999999986
1.749299999999998
1.4083999999999985
1.2956999999999996
1.4431000000000027
1.6675999999999913
1.8038999999999916
1.8372999999999973
1.850099999999999
1.866599999999996
1.8744000000000094
1.8823000000000034
1.9233000000000056
1.9664000000000015
1.9706000000000001
1.8693999999999988
1.6764000000000001
1.4766000000000001
1.2570999999999999
1.0583999999999982
0.8564999999999989
0.7085000000000008
0.6214999999999998
0.6211000000000022
0.6200999999999984
0.5893999999999983
0.5794000000000021
0.5805000000000005
0.5698000000000009
0.5749000000000004
0.5813000000000013
0.5998000000000003
0.6055999999999978
0.6055000000000005
0.5987999999999993
0.6010999999999989
0.7008999999999987
0.8893999999999957
1.0946999999999985
1.2751000000000012
1.3763999999999998
1.3927000000000023
1.3670000000000015
1.3295000000000001
1.2888999999999984
1.2324000000000002
1.1886000000000008
1.1687000000000003
1.1724999999999985
1.199
1.2262999999999968
1.2537999999999994
1.2826999999999977
1.3046000000000002
1.3294000000000028
1.3698999999999961
1.3780000000000014
1.3253000000000015
1.1921999999999988
0.9573999999999971
0.7002000000000008
0.5635000000000001
0.5017999999999995
0.4579
0.4122999999999988
0.4036999999999985
0.4377999999999993
0.4257999999999984
0.380599999999999
0.35239999999999994
0.31809999999999894
0.2831
0.2787999999999999
0.28610000000000024
0.290399999999999
0.28850000000000126
0.279299999999999
0.2790000000000001
0.2804000000000001
0.27599999999999986
0.26680000000000037
0.26479999999999976
0.2696000000000004
0.27329999999999993
0.2800999999999998
0.2824999999999994
0.25529999999999997
0.23890000000000022
0.23390000000000077
0.23230000000000056
0.24289999999999867
0.2482999999999999
0.21849999999999925
0.18449999999999994
0.15989999999999963
0.16130000000000033
0.17360000000000014
0.18379999999999994
0.18850000000000047
0.18840000000000037
0.18849999999999978
0.1904000000000003
0.19430000000000003
0.19570000000000004
0.19350000000000062
0.19290000000000002
0.19290000000000002
0.18759999999999957
0.1809999999999999
0.1804
0.1786000000000003
0.17659999999999967
0.1802999999999999
0.18239999999999992
0.1800999999999997
0.23129999999999956
0.459699999999999
0.4702999999999985
0.5609000000000003
0.8923000000000014
1.2942999999999982
1.5824999999999978
1.6885000000000039
1.6896000000000022
1.7369999999999997
1.8046000000000006
1.8260999999999972
1.8386000000000013
1.8399000000000054
1.839499999999994
1.838799999999996
1.8383000000000038
1.8380000000000063
1.8399000000000054
1.843499999999998
1.8318999999999974
1.7535999999999996
1.735399999999998
1.7299000000000064
1.6318000000000055
1.3636000000000037
0.9618999999999989
0.6149000000000016
0.5178000000000016
0.44399999999999995
0.2599999999999991
0.19249999999999962
0.14320000000000027
0.14130000000000045
0.14119999999999966
0.13999999999999985
0.13649999999999982
0.13340000000000019
0.12560000000000002
0.1132000000000001
0.24279999999999996
0.26609999999999967
0.32139999999999946
0.4482000000000014
0.5611000000000005
0.6274000000000002
0.6488999999999995
0.6525000000000003
0.7060999999999984
0.7811999999999986
0.7924000000000014
0.8128999999999997
0.9429999999999994
0.9716999999999976
0.9971999999999981
1.1111999999999955
1.267299999999999
1.3733999999999968
1.4002999999999988
1.3975000000000015
1.4066000000000023
1.4556999999999987
1.4573000000000003
1.4384000000000008
1.4092999999999967
1.388600000000001
1.3878000000000001
1.3911000000000007
1.3751000000000013
1.3433000000000028
1.341199999999998
1.3328000000000007
1.241500000000001
1.2629000000000001
1.2858000000000036
1.1904000000000026
1.0525000000000007
0.9867999999999988
1.0140000000000038
1.039699999999999
1.0455999999999965
1.0019
1.0006999999999988
1.0297
1.0457999999999967
1.0292000000000023
1.010799999999995
1.051000000000002
1.0776000000000008
1.083099999999998
1.0784000000000016
1.0732999999999993
1.0693000000000008
1.0042999999999969
0.947899999999996
0.9593999999999991
0.9346000000000021
0.8404999999999996
0.7305000000000006
0.6827
0.626400000000002
0.5928000000000017
0.5849999999999994
0.47689999999999955
0.34340000000000065
0.28480000000000033
0.2823000000000006
0.20400000000000001
0.1469999999999999
0.13999999999999985
0.2370000000000011
0.2824999999999994
0.3261
0.4819999999999991
0.6638000000000005
0.8086999999999955
0.8854000000000029
0.8965000000000001
0.8954000000000018
0.9388999999999981
0.936300000000001
0.9299000000000002
0.9287000000000045
0.9304000000000034
0.9335999999999955
0.9367000000000014
0.9381000000000028
0.9382999999999975
0.938
0.9377000000000024
0.8950000000000014
0.8931000000000022
1.016800000000001
0.9896999999999989
0.9900999999999993
1.1339000000000043
1.3351000000000002
1.4720999999999984
1.5023999999999982
1.4751999999999987
1.5744000000000036
1.6310000000000047
1.6321999999999948
1.6317000000000026
1.6302000000000039
1.6303000000000067
1.6323999999999894
1.6334999999999988
1.6320000000000001
1.6298000000000035
1.6314999999999968
1.6096
1.5198999999999963
1.507200000000003
1.5183999999999975
1.4917999999999987
1.4456000000000024
1.4297999999999977
1.4566000000000023
1.4501000000000042
1.3170999999999988
1.2258999999999964
1.2114999999999987
1.2205000000000021
1.2257999999999991
1.2019000000000002
1.1508999999999991
1.0949000000000042
1.0482999999999965
1.016800000000001
1.0170999999999986
1.0106000000000004
0.9260999999999964
0.9319999999999995
0.9784999999999988
0.9616999999999987
0.8879000000000026
0.8265999999999996
0.8048
0.815699999999997
0.7916000000000006
0.7616000000000012
0.778899999999999
0.755699999999998
0.7056000000000007
0.705699999999998
0.9297
0.9141999999999983
0.9364000000000039
1.1961
1.5212999999999977
1.6330999999999984
1.659900000000003
1.6679
1.6759999999999997
1.6867999999999994
1.7068000000000083
1.7093999999999943
1.7039000000000026
1.7463000000000006
1.8503999999999965
1.8762999999999974
1.8863999999999992
1.8955000000000055
1.929600000000009
1.9088999999999912
1.793699999999998
1.785199999999998
2.223800000000009
2.930699999999997
3.201900000000002
3.568500000000002
4.234999999999999
5.177399999999999
6.312899999999999
7.4374999999999964
6.981800000000002
4.9012
