0.25079999999999547
0.24100000000000232
0.23239999999999927
0.22449999999999415
0.2175000000000038
0.2118999999999982
0.21450000000000635
0.22259999999999502
0.22450000000000525
0.1819000000000015
0.14550000000000396
0.13140000000000374
0.13340000000000019
0.1336999999999977
0.13290000000000246
0.13380000000000059
0.13250000000000206
0.12539999999999774
0.12420000000000209
0.12380000000000169
0.12070000000000136
0.11360000000000259
0.09920000000000484
0.08589999999999987
0.07179999999999964
0.056400000000000894
0.07080000000000142
0.09899999999999909
0.12989999999999946
0.14959999999999973
0.15450000000000186
0.15260000000000273
0.15380000000000393
0.15700000000000158
0.1601000000000019
0.16770000000000396
0.16959999999999753
0.170300000000001
0.17579999999999818
0.1939000000000024
0.21580000000001043
0.22889999999999855
0.2302999999999944
0.22739999999999982
0.2238999999999991
0.22539999999999782
0.22620000000000973
0.22259999999999502
0.21480000000000388
0.2071000000000045
0.2055000000000029
0.21419999999999773
0.22759999999999447
0.23770000000000735
0.23900000000000032
0.23570000000000535
0.2354999999999996
0.23729999999999585
0.2359
0.22719999999999407
0.20769999999999955
0.17639999999999878
0.15419999999999878
0.16189999999999816
0.1833000000000029
0.2031000000000005
0.21170000000000355
0.20839999999999748
0.20490000000000785
0.20530000000000825
0.20560000000000578
0.2043000000000017
0.19819999999999283
0.19200000000000328
0.19179999999999753
0.19360000000000488
0.1939000000000024
0.1966999999999941
0.20279999999999188
0.20220000000000793
0.1882999999999968
0.17860000000000098
0.17780000000000018
0.1805000000000001
0.17040000000000388
0.15089999999999826
0.1369000000000009
0.1356999999999997
0.1350999999999991
0.13270000000000226
0.13200000000000434
0.1338999999999979
0.13680000000000359
0.1399000000000039
0.14280000000000403
0.14260000000000383
0.14290000000000136
0.13729999999999576
0.12149999999999661
0.09670000000000512
0.07089999999999874
0.04740000000000022
0.03550000000000081
0.03500000000000031
0.03589999999999982
0.03729999999999983
0.03780000000000033
0.03929999999999906
0.05960000000000132
0.10180000000000189
0.14820000000000388
0.18079999999999763
0.20409999999999595
0.21210000000000395
0.2091000000000065
0.21159999999998957
0.21360000000000268
0.21729999999999805
0.22079999999999878
0.22180000000000533
0.2255000000000007
0.22900000000000142
0.2302999999999944
0.22969999999999935
0.23020000000000262
0.23100000000000342
0.23059999999999192
0.23050000000000015
0.231899999999996
0.22480000000000278
0.20330000000000625
0.17100000000000448
0.12340000000000129
0.07219999999999727
0.04790000000000072
0.04860000000000142
0.04950000000000232
0.05350000000000077
0.06159999999999777
0.06929999999999992
0.07510000000000017
0.08150000000000102
0.08660000000000057
0.08879999999999999
0.08670000000000067
0.08289999999999964
0.07979999999999932
0.07679999999999909
0.07510000000000017
0.07339999999999847
0.07269999999999777
0.06990000000000052
0.06509999999999849
0.05980000000000152
0.053399999999997894
0.04499999999999921
0.03470000000000001
0.027100000000000735
0.025000000000000022
0.02380000000000021
0.02020000000000008
0.01799999999999996
0.01789999999999986
0.02009999999999998
0.021699999999999497
0.022900000000000004
0.02370000000000011
0.02360000000000001
0.022900000000000004
0.022400000000000198
0.02200000000000049
0.02920000000000006
0.04340000000000038
0.04539999999999961
0.06649999999999989
0.09939999999999949
0.12909999999999866
0.1466999999999996
0.15040000000000053
0.14900000000000468
0.1585000000000003
0.16519999999999868
0.16680000000000028
0.16770000000000396
0.168299999999999
0.168299999999999
0.168299999999999
0.16800000000000148
0.16760000000000108
0.1674999999999982
0.16750000000000376
0.16499999999999848
0.1580999999999999
0.15719999999999623
0.15379999999999838
0.13980000000000103
0.11349999999999971
0.08209999999999884
0.06279999999999897
0.06059999999999954
0.04320000000000018
0.02180000000000029
0.014999999999999736
0.010999999999999899
0.011300000000000199
0.013200000000000017
0.013300000000000117
0.013099999999999917
0.013099999999999917
0.013400000000000217
0.01480000000000023
0.019199999999999773
0.02370000000000011
0.027500000000001135
0.028600000000000847
0.028500000000000747
0.027900000000000147
0.026700000000000335
0.025399999999999034
0.02420000000000061
0.022599999999999704
0.02149999999999999
0.02129999999999979
0.02200000000000049
0.023000000000000104
0.02410000000000051
0.024299999999999322
0.023799999999998822
0.02319999999999961
0.023200000000000304
0.02329999999999971
0.022500000000000298
0.020499999999999685
0.017800000000000454
0.016200000000000242
0.015300000000000036
0.015099999999999836
0.015199999999999936
0.015400000000000136
0.016300000000000342
0.016399999999999748
0.016400000000000442
0.016800000000000148
0.017300000000000648
0.018499999999999767
0.02040000000000028
0.022400000000000198
0.023599999999999316
0.024399999999999422
0.03459999999999991
0.04260000000000097
0.049499999999999544
0.07939999999999892
0.10479999999999934
0.11260000000000159
0.12639999999999874
0.14089999999999936
0.14639999999999653
0.14490000000000336
0.14460000000000028
0.14250000000000096
0.1426999999999956
0.1574999999999993
0.16650000000000276
0.16740000000000088
0.1678999999999986
0.1688999999999996
0.17179999999999973
0.17320000000000113
0.167299999999998
0.1601000000000019
0.1601000000000019
0.15680000000000138
0.15040000000000053
0.14859999999999873
0.14079999999999648
0.12789999999999746
0.11940000000000284
0.11829999999999896
0.11149999999999771
0.10729999999999906
0.10760000000000214
0.09190000000000031
0.07740000000000247
0.07500000000000007
0.07439999999999947
0.07550000000000057
0.07159999999999944
0.06889999999999952
0.06909999999999972
0.06870000000000209
0.06619999999999959
0.05880000000000052
0.049199999999999244
0.04360000000000058
0.04240000000000077
0.04239999999999938
0.04239999999999938
0.045700000000001295
0.04699999999999982
0.04680000000000101
0.04689999999999972
0.04820000000000102
0.050700000000000744
0.05249999999999977
0.05249999999999977
0.05269999999999997
0.055800000000000294
0.055700000000000194
0.055700000000000194
0.055800000000000294
0.055900000000000394
0.055900000000000394
0.055800000000000294
0.055399999999999894
0.055299999999999794
0.055299999999999794
0.055399999999999894
0.05280000000000007
0.05159999999999887
0.05109999999999837
0.04710000000000131
0.04030000000000006
0.03150000000000097
0.029000000000001247
0.04880000000000162
0.05239999999999967
0.05919999999999814
0.07540000000000047
0.09510000000000352
0.11349999999999971
0.12369999999999881
0.12539999999999774
0.13439999999999563
0.14080000000000203
0.14179999999999748
0.14520000000000088
0.1487000000000016
0.15169999999999906
0.15169999999999906
0.15310000000000046
0.16600000000000503
0.19569999999999865
0.20939999999999293
0.21180000000000643
0.20620000000000083
0.20440000000000458
0.20380000000000953
0.20679999999999588
0.20099999999999563
0.19379999999999953
0.21450000000000635
0.2670000000000061
0.28930000000000344
0.2902999999999989
0.29120000000000257
0.29079999999999107
0.2898999999999985
0.2918000000000087
0.29439999999999467
0.2935000000000021
0.29170000000000584
0.2938000000000107
0.2895000000000092
0.286300000000006
0.28610000000000024
0.290199999999996
0.29409999999999714
0.28770000000000184
0.28200000000000447
0.2817999999999987
0.27449999999999974
0.24420000000000552
0.22280000000000078
0.22339999999999582
0.23320000000000007
0.24769999999999515
0.26199999999999557
0.27209999999999734
0.2794000000000074
0.2809999999999979
0.2643000000000062
0.2071000000000045
0.16680000000000028
0.15339999999999798
0.1709000000000016
0.19739999999999203
0.2134999999999998
0.2174999999999927
0.2190999999999943
0.22089999999999055
0.2219000000000082
0.22280000000000078
0.22770000000000845
0.23279999999999967
0.23330000000000295
0.22130000000000205
0.19839999999999858
0.17479999999999718
0.14879999999999893
0.1253000000000004
0.10140000000000149
0.08390000000000064
0.07359999999999867
0.07360000000000144
0.07339999999999847
0.06979999999999764
0.06860000000000199
0.06870000000000209
0.06750000000000089
0.06810000000000149
0.06889999999999952
0.07100000000000162
0.07169999999999954
0.07169999999999954
0.07089999999999874
0.07109999999999894
0.08289999999999964
0.10529999999999706
0.12960000000000194
0.15100000000000113
0.16289999999999916
0.16490000000000116
0.16180000000000083
0.15740000000000198
0.15259999999999718
0.1458999999999988
0.14069999999999916
0.13829999999999676
0.13880000000000003
0.14199999999999768
0.14520000000000088
0.1485000000000014
0.15180000000000193
0.15439999999999898
0.15730000000000466
0.16219999999999568
0.16309999999999936
0.1568999999999987
0.14109999999999956
0.11329999999999951
0.08289999999999964
0.06670000000000009
0.05940000000000112
0.05420000000000147
0.048799999999998844
0.047799999999997844
0.05179999999999907
0.050400000000000444
0.04509999999999931
0.04170000000000007
0.037599999999998746
0.033600000000000296
0.032999999999999696
0.033900000000000596
0.03439999999999971
0.034100000000000796
0.033099999999999796
0.032999999999999696
0.033199999999999896
0.032700000000000784
0.031599999999999684
0.03140000000000087
0.031899999999999984
0.032400000000000484
0.033099999999999796
0.033400000000000096
0.03019999999999967
0.028300000000000547
0.027599999999999847
0.027499999999999747
0.02879999999999966
0.02940000000000026
0.025899999999999535
0.021799999999999597
0.018899999999999473
0.019100000000000367
0.020599999999999785
0.02180000000000029
0.022300000000000098
0.022300000000000098
0.022300000000000098
0.022500000000000298
0.023000000000000104
0.023200000000000304
0.022900000000000004
0.022900000000000004
0.022900000000000004
0.022199999999999998
0.02149999999999999
0.02139999999999989
0.021200000000000385
0.02089999999999939
0.02129999999999979
0.02160000000000009
0.02129999999999979
0.027399999999999647
0.054399999999998894
0.05569999999999742
0.06639999999999979
0.10560000000000014
0.15330000000000066
0.18730000000000135
0.1998999999999973
0.20009999999999195
0.20569999999999755
0.21360000000000268
0.21609999999999685
0.21769999999999845
0.21780000000000133
0.21769999999999845
0.21769999999999845
0.21760000000000668
0.21760000000000668
0.21780000000000133
0.21820000000000173
0.21689999999999765
0.20759999999999668
0.20540000000000003
0.20480000000000498
0.19320000000000448
0.16140000000000043
0.11379999999999724
0.07280000000000064
0.06130000000000024
0.05249999999999977
0.03080000000000027
0.022799999999999904
0.016900000000000248
0.016800000000000148
0.016700000000000048
0.016599999999999948
0.016099999999999448
0.015800000000000536
0.01480000000000023
0.013400000000000217
0.028800000000001047
0.031499999999999584
0.03800000000000053
0.05310000000000037
0.06649999999999989
0.07429999999999937
0.07680000000000187
0.07729999999999959
0.08360000000000034
0.09239999999999804
0.09379999999999944
0.09620000000000184
0.11169999999999791
0.11499999999999844
0.11800000000000144
0.1314999999999955
0.15000000000000013
0.16259999999999608
0.16579999999999928
0.16539999999999888
0.16660000000000008
0.17239999999999478
0.17249999999999766
0.170300000000001
0.1668999999999976
0.16439999999999788
0.16430000000000056
0.16470000000000096
0.16280000000000183
0.15900000000000358
0.15879999999999783
0.15779999999999683
0.14700000000000268
0.1495000000000024
0.15220000000000233
0.14100000000000223
0.12460000000000249
0.11690000000000311
0.12000000000000344
0.12309999999999821
0.12379999999999614
0.11859999999999649
0.11849999999999916
0.12189999999999701
0.12379999999999614
0.12179999999999969
0.11969999999999481
0.12440000000000229
0.12759999999999994
0.12820000000000054
0.12769999999999726
0.1271000000000022
0.12659999999999894
0.11889999999999956
0.11219999999999564
0.11349999999999971
0.11059999999999959
0.09950000000000236
0.08650000000000047
0.08080000000000032
0.07420000000000204
0.07020000000000082
0.06929999999999992
0.05649999999999822
0.04070000000000046
0.033700000000000396
0.033400000000000096
0.024099999999999122
0.017400000000000054
0.016599999999999948
0.028000000000000247
0.033500000000000196
0.038599999999999746
0.05699999999999872
0.07859999999999812
0.09579999999999589
0.10479999999999934
0.10610000000000341
0.10600000000000054
0.11120000000000019
0.11079999999999979
0.10999999999999899
0.11000000000000454
0.11010000000000186
0.11049999999999671
0.11090000000000266
0.11110000000000286
0.11109999999999731
0.11109999999999731
0.11099999999999999
0.10590000000000321
0.10570000000000301
0.12039999999999829
0.11720000000000064
0.11720000000000064
0.13430000000000386
0.1580999999999999
0.17429999999999946
0.17790000000000306
0.17469999999999986
0.18630000000000035
0.19299999999999873
0.19319999999999338
0.19320000000000448
0.19300000000000983
0.19300000000000983
0.19319999999999338
0.19339999999999913
0.19320000000000448
0.19290000000000695
0.19320000000000448
0.19059999999999633
0.1798999999999995
0.17850000000000366
0.1796999999999993
0.17659999999999898
0.17120000000000468
0.1693
0.1725000000000032
0.1717000000000024
0.15590000000000326
0.145099999999998
0.14339999999999908
0.14450000000000296
0.14520000000000088
0.14230000000000076
0.13620000000000299
0.12960000000000194
0.12409999999999921
0.12030000000000096
0.12039999999999829
0.11970000000000036
0.10959999999999859
0.11030000000000206
0.11579999999999924
0.11379999999999724
0.10510000000000241
0.09790000000000076
0.09529999999999816
0.09659999999999669
0.09369999999999934
0.09010000000000129
0.09220000000000061
0.08939999999999781
0.08360000000000034
0.08360000000000034
0.10999999999999899
0.10819999999999719
0.11090000000000266
0.14159999999999728
0.1800999999999997
0.19330000000000735
0.19649999999999945
0.1974999999999949
0.19839999999999858
0.19970000000000265
0.20200000000000218
0.20239999999999148
0.20170000000000465
0.206699999999993
0.2191000000000054
0.22210000000000285
0.22330000000000405
0.22440000000000238
0.22520000000000318
0.22399999999999087
0.20979999999999333
0.20739999999999092
0.20680000000000698
0.1898999999999984
0.15180000000000193
0.1260000000000039
0.11239999999999584
0.10349999999999526
0.10260000000000269
0.09949999999999681
0.07790000000000019
0.055299999999999794
0.04760000000000042
0.044900000000000495
0.01989999999999978
0.017000000000000348
0.017100000000000448
0.017800000000000454
0.018899999999999473
0.018899999999999473
0.019100000000000367
0.019099999999999673
0.019000000000000267
0.018599999999999867
0.018399999999999667
0.018499999999999767
0.018800000000000067
0.018900000000000167
0.017500000000000154
0.015899999999999942
0.01460000000000003
0.012700000000000211
0.012199999999999711
0.012099999999999611
0.012099999999999611
0.014200000000000323
0.025099999999998734
0.026500000000000135
0.039600000000000746
0.06099999999999994
0.07999999999999952
0.09129999999999971
0.09450000000000292
0.09429999999999994
0.09730000000000016
0.09930000000000216
0.09849999999999581
0.09779999999999789
0.09739999999999749
0.09720000000000284
0.09700000000000264
0.09680000000000244
0.09670000000000512
0.09649999999999936
0.09660000000000224
0.09600000000000164
0.09059999999999901
0.08930000000000049
0.08739999999999859
0.07910000000000139
0.06359999999999977
0.04820000000000102
0.05890000000000062
0.06029999999999924
0.06990000000000052
0.09859999999999869
0.13060000000000294
0.15199999999999658
0.15979999999999883
0.1599000000000017
0.16680000000000028
0.17280000000000073
0.1739000000000046
0.17699999999999938
0.1766999999999963
0.17590000000000106
0.17770000000000286
0.18529999999999935
0.19529999999999825
0.2022999999999997
0.20339999999999803
0.20560000000000578
0.19640000000000768
0.1915
0.1910999999999996
0.18790000000000195
0.17900000000000138
0.16839999999999633
0.16430000000000056
0.16879999999999673
0.17059999999999853
0.18239999999999923
0.18610000000000015
0.18320000000000003
0.19529999999999825
0.21780000000000133
0.2402999999999933
0.24929999999999675
0.24619999999999642
0.24919999999999387
0.2618000000000009
0.26090000000000835
0.261100000000003
0.2638000000000029
0.2650000000000041
0.2626999999999935
0.2610000000000001
0.26159999999999517
0.2625999999999906
0.25960000000000427
0.25119999999999587
0.233899999999998
0.22699999999999942
0.23290000000000255
0.23690000000000655
0.22999999999999687
0.21280000000000188
0.19930000000000225
0.1978999999999953
0.19329999999999625
0.17449999999999966
0.1670999999999978
0.15919999999999823
0.152100000000005
0.14699999999999713
0.1458999999999988
0.14639999999999653
0.1471
0.1475000000000004
0.1477000000000006
0.1479000000000008
0.6267999999999996
2.6175999999999977
1.0063000000000044
8.526099999999992
11.711700000000002
12.527500000000003
11.453800000000003
9.709499999999993
8.0642
6.309399999999998
4.7008000000000045
3.8367999999999958
1.944099999999993
0.04069999999999352
1.714799999999994
