1.887899999999998
1.814400000000005
1.7495999999999956
1.6903000000000001
1.6373000000000082
1.5950999999999937
1.6144000000000047
1.675799999999994
1.6898999999999997
1.3699000000000017
1.095400000000002
0.9894000000000014
1.0043999999999997
1.0065999999999964
1.0006999999999988
1.007600000000003
0.9979000000000016
0.9440999999999977
0.9345000000000048
0.9319999999999995
0.9087000000000012
0.8554000000000006
0.7470000000000032
0.6464999999999999
0.5399999999999988
0.4251000000000005
0.5324999999999996
0.744800000000001
0.9782000000000013
1.1263999999999996
1.1635000000000006
1.1489000000000027
1.1579000000000006
1.1822
1.2058000000000013
1.2624000000000024
1.2766
1.2815999999999994
1.3239
1.459699999999997
1.6250000000000098
1.7235
1.7336000000000018
1.7124999999999946
1.6854000000000036
1.6970999999999958
1.7029000000000072
1.6764000000000001
1.6171000000000046
1.5588999999999964
1.5469000000000066
1.6125999999999974
1.712899999999995
1.789800000000008
1.7992000000000008
1.7743000000000064
1.7727999999999966
1.7866999999999966
1.7761999999999944
1.710299999999998
1.5634000000000037
1.3280999999999987
1.1609000000000036
1.2185000000000001
1.3800000000000034
1.5293
1.5939000000000036
1.5687000000000006
1.5429000000000026
1.5459
1.5477000000000074
1.538000000000006
1.492199999999999
1.4454999999999996
1.4444000000000012
1.4579000000000009
1.4598
1.480999999999999
1.5270999999999924
1.5218000000000065
1.4172999999999991
1.3441000000000036
1.3382999999999978
1.358999999999999
1.2824000000000002
1.1357000000000006
1.0312000000000043
1.0216000000000003
1.0170000000000012
0.9989000000000026
0.9936
1.008199999999998
1.029800000000003
1.053599999999999
1.0756000000000043
1.0736000000000023
1.075799999999999
1.0341999999999962
0.9150999999999965
0.7279000000000035
0.5338999999999983
0.35660000000000136
0.26740000000000097
0.26380000000000015
0.2700999999999995
0.2808999999999992
0.28470000000000023
0.29589999999999894
0.4485000000000017
0.7664999999999977
1.1156
1.3609999999999955
1.5361999999999987
1.596900000000001
1.5744000000000091
1.5926999999999913
1.608200000000004
1.6357999999999984
1.6619999999999968
1.6704000000000052
1.6978999999999966
1.724199999999998
1.734099999999994
1.7289999999999917
1.7327000000000092
1.7396000000000078
1.7359000000000013
1.7349000000000059
1.7459000000000002
1.6927000000000025
1.5303000000000067
1.2874000000000052
0.929000000000002
0.5436999999999997
0.3603999999999996
0.36589999999999956
0.3726000000000007
0.4031000000000007
0.4636000000000001
0.5219000000000001
0.565199999999999
0.6134000000000001
0.6522
0.6686000000000025
0.6525000000000003
0.6238999999999995
0.6006999999999985
0.5784000000000011
0.5651000000000017
0.5526000000000003
0.5472999999999978
0.5261999999999989
0.49039999999999917
0.4504000000000008
0.4021999999999998
0.3386
0.2615000000000006
0.20420000000000021
0.18830000000000097
0.1791000000000001
0.15230000000000035
0.1354000000000001
0.1346
0.15100000000000044
0.16349999999999976
0.17300000000000024
0.17870000000000108
0.17719999999999958
0.17280000000000004
0.1688000000000002
0.16520000000000007
0.22019999999999956
0.3266999999999992
0.34199999999999925
0.5005000000000009
0.7484999999999964
0.9719999999999951
1.1041999999999996
1.1317999999999995
1.1217000000000033
1.1936000000000002
1.243799999999995
1.2557999999999958
1.2632000000000032
1.2666999999999984
1.2672000000000017
1.2666999999999984
1.2645000000000017
1.2620999999999993
1.2614000000000014
1.261000000000001
1.2419999999999987
1.1905
1.1836000000000013
1.1577999999999977
1.0524000000000033
0.8543999999999996
0.6182999999999994
0.4727999999999982
0.45630000000000115
0.3251000000000004
0.16439999999999996
0.1127999999999997
0.08239999999999983
0.08529999999999996
0.09940000000000018
0.1003999999999998
0.09919999999999998
0.09870000000000018
0.1009999999999997
0.1113999999999997
0.14419999999999988
0.1786999999999997
0.20740000000000064
0.2153000000000002
0.2146999999999996
0.21019999999999928
0.2012
0.1917000000000002
0.18210000000000032
0.1701000000000001
0.16170000000000004
0.16019999999999993
0.16560000000000047
0.17309999999999964
0.1816000000000012
0.18279999999999963
0.179399999999999
0.17479999999999996
0.17490000000000075
0.17549999999999927
0.1690000000000004
0.15419999999999948
0.13350000000000029
0.12199999999999989
0.11540000000000022
0.11400000000000021
0.11479999999999962
0.11600000000000013
0.12230000000000019
0.1235
0.1237000000000002
0.12640000000000012
0.13040000000000065
0.13939999999999994
0.15350000000000016
0.1683999999999998
0.1774999999999992
0.18370000000000053
0.2603000000000008
0.32090000000000035
0.3725000000000006
0.5976000000000009
0.7891000000000037
0.8481000000000016
0.9514000000000022
1.0608000000000006
1.1023000000000005
1.091000000000003
1.0888000000000009
1.0724999999999985
1.0743999999999976
1.1857000000000006
1.253700000000002
1.2598999999999971
1.2645000000000017
1.2714000000000003
1.2938000000000005
1.3037999999999994
1.259300000000002
1.2052000000000007
1.2050000000000005
1.180500000000001
1.1321000000000025
1.1182999999999998
1.0599999999999998
0.9624999999999995
0.8989000000000025
0.8909
0.8397999999999961
0.8074999999999999
0.8099000000000023
0.692100000000001
0.5825000000000025
0.5652999999999991
0.5602999999999997
0.5684999999999996
0.5389000000000005
0.5191000000000001
0.5205999999999988
0.5174000000000012
0.4985000000000017
0.4426000000000013
0.370100000000001
0.3277000000000002
0.3191000000000013
0.31920000000000004
0.31889999999999974
0.34370000000000095
0.35439999999999916
0.35209999999999964
0.35249999999999865
0.36319999999999963
0.3817000000000015
0.39509999999999823
0.3955000000000014
0.39690000000000003
0.42009999999999825
0.41990000000000083
0.41930000000000023
0.42009999999999825
0.42109999999999925
0.42060000000000153
0.42009999999999825
0.41739999999999833
0.4160999999999998
0.4165000000000002
0.4170000000000007
0.39730000000000043
0.38849999999999996
0.38479999999999903
0.35470000000000085
0.3035999999999997
0.2371999999999999
0.21850000000000064
0.36790000000000156
0.3941
0.4461999999999994
0.5680000000000018
0.7159000000000026
0.8552000000000004
0.9317999999999993
0.944600000000001
1.011899999999999
1.0593999999999992
1.067499999999999
1.0935000000000028
1.1189999999999978
1.1419000000000012
1.142399999999999
1.152599999999998
1.2499000000000038
1.4731999999999967
1.5768000000000004
1.594300000000004
1.552600000000004
1.5391000000000044
1.5349000000000057
1.5569000000000055
1.5130999999999895
1.4593999999999996
1.6147000000000022
2.010299999999998
2.1784000000000026
2.1859000000000073
2.1924000000000055
2.189399999999997
2.1831999999999963
2.197400000000005
2.216499999999999
2.209099999999997
2.195900000000006
2.2121000000000057
2.180000000000004
2.155600000000002
2.1540000000000004
2.1851000000000065
2.2140999999999966
2.1660000000000013
2.1233000000000057
2.121899999999999
2.0666000000000073
1.838200000000001
1.6772999999999927
1.6818
1.7556999999999934
1.864699999999997
1.9726000000000021
2.048699999999992
2.1029999999999993
2.1154999999999924
1.9899
1.5591000000000022
1.255299999999998
1.1548999999999976
1.286200000000004
1.486299999999996
1.6077999999999926
1.6375999999999946
1.6488999999999976
1.6636999999999902
1.6705999999999999
1.6776000000000013
1.714199999999999
1.752599999999993
1.7562999999999995
1.6660999999999926
1.4940999999999982
1.3160999999999978
1.1203999999999992
0.9433000000000025
0.7633000000000001
0.6315000000000015
0.5538999999999988
0.5536000000000013
0.5527000000000004
0.525299999999998
0.5164000000000002
0.5174000000000012
0.5077999999999999
0.5124000000000017
0.5180999999999991
0.534599999999999
0.5397999999999986
0.5396999999999985
0.5336999999999981
0.5357000000000001
0.6247000000000003
0.7926999999999962
0.9757000000000016
1.1365000000000014
1.2268000000000001
1.2413000000000007
1.2183999999999973
1.1848999999999998
1.1487999999999998
1.0983999999999994
1.0592999999999964
1.041700000000001
1.0450999999999988
1.0687000000000002
1.0929999999999995
1.117499999999999
1.1433000000000026
1.1627999999999972
1.1848000000000025
1.2209999999999999
1.2282000000000015
1.1813000000000018
1.0625999999999969
0.8532999999999957
0.6240999999999997
0.5021999999999999
0.4472000000000004
0.40810000000000013
0.3674999999999984
0.3598999999999991
0.3901999999999989
0.3794999999999993
0.3392999999999993
0.3141000000000005
0.28349999999999903
0.25239999999999985
0.2485000000000001
0.25499999999999967
0.2587999999999993
0.2572000000000005
0.24889999999999912
0.2487000000000003
0.24990000000000012
0.24600000000000039
0.23779999999999912
0.2360000000000001
0.24030000000000024
0.24359999999999937
0.24959999999999982
0.25179999999999925
0.22749999999999992
0.2129000000000006
0.20840000000000025
0.20710000000000034
0.21650000000000003
0.22129999999999928
0.19470000000000043
0.16450000000000006
0.14249999999999957
0.14380000000000018
0.15469999999999998
0.16380000000000006
0.1680000000000001
0.1679
0.1680000000000001
0.1697000000000004
0.17309999999999964
0.17439999999999956
0.17250000000000043
0.17199999999999993
0.17199999999999993
0.1672
0.16130000000000033
0.16079999999999983
0.1592000000000003
0.1573999999999999
0.16069999999999973
0.16250000000000014
0.16050000000000023
0.20619999999999944
0.40979999999999905
0.41919999999999735
0.49990000000000034
0.7952999999999988
1.153599999999999
1.4105000000000034
1.504899999999998
1.5058999999999934
1.5480999999999967
1.6083999999999987
1.627500000000004
1.638699999999993
1.6399000000000052
1.6394999999999937
1.6388999999999987
1.6384000000000065
1.638100000000009
1.6398000000000024
1.6429999999999945
1.632699999999998
1.5630000000000033
1.5468000000000037
1.5418000000000043
1.4544000000000001
1.2153000000000025
0.8572999999999997
0.5481000000000014
0.4615000000000008
0.39569999999999883
0.23169999999999996
0.17160000000000022
0.12770000000000004
0.12600000000000042
0.12579999999999952
0.12479999999999991
0.12169999999999959
0.11890000000000026
0.1120000000000003
0.1009000000000003
0.21639999999999993
0.2371999999999999
0.28640000000000054
0.39949999999999986
0.5001000000000005
0.5591999999999986
0.5784000000000011
0.5814999999999987
0.6292999999999993
0.6962999999999997
0.7061999999999985
0.7245000000000001
0.8404999999999996
0.8660999999999974
0.8886999999999978
0.9903999999999968
1.1295
1.2241000000000002
1.247999999999999
1.2454999999999994
1.253700000000002
1.2973999999999986
1.2988
1.2819999999999998
1.2560999999999989
1.2375999999999998
1.2369000000000019
1.239800000000002
1.225599999999999
1.1972000000000038
1.1953999999999965
1.1878999999999973
1.106600000000002
1.1255999999999988
1.1460000000000026
1.0610000000000008
0.9381000000000028
0.8794999999999997
0.903799999999999
0.9267000000000025
0.9318999999999966
0.8928999999999965
0.8918999999999955
0.9177999999999964
0.9320999999999968
0.9172999999999987
0.9008999999999989
0.9367999999999987
0.9604000000000001
0.9652999999999967
0.9612000000000009
0.9566000000000019
0.9531000000000012
0.895199999999996
0.8447999999999956
0.8550999999999975
0.8330000000000004
0.7491000000000025
0.6510000000000016
0.6085000000000007
0.5583000000000005
0.528300000000001
0.5213999999999996
0.4250999999999977
0.3061000000000008
0.25389999999999996
0.25160000000000043
0.18190000000000012
0.13099999999999987
0.12479999999999991
0.21130000000000038
0.25179999999999925
0.2906000000000006
0.4295999999999994
0.5916000000000005
0.7207999999999992
0.789200000000001
0.7991000000000026
0.7979999999999987
0.8367999999999987
0.8344999999999991
0.8288000000000018
0.8277000000000034
0.8292000000000022
0.8320999999999967
0.8348999999999995
0.8361000000000007
0.8363000000000009
0.8359999999999979
0.8357000000000003
0.7976000000000039
0.7960000000000023
0.9062000000000014
0.8821000000000023
0.8823999999999999
1.0106000000000004
1.1898999999999993
1.3120999999999994
1.3390000000000013
1.3147999999999993
1.403199999999999
1.4535999999999993
1.4546999999999977
1.4543000000000084
1.4530000000000043
1.4530000000000043
1.4548999999999923
1.4558999999999989
1.454500000000003
1.4526000000000039
1.4541000000000026
1.434599999999997
1.3546999999999976
1.3433000000000028
1.353399999999999
1.3295999999999975
1.2884000000000007
1.2743999999999978
1.2983000000000022
1.292500000000002
1.1739
1.0925999999999991
1.079800000000003
1.0877999999999999
1.0924999999999963
1.0712
1.025799999999999
0.9759000000000018
0.934299999999999
0.9062000000000014
0.906499999999999
0.9006999999999987
0.8253999999999984
0.8307000000000009
0.8720999999999979
0.8571999999999969
0.7913000000000003
0.7367000000000012
0.7172999999999985
0.7269999999999999
0.7055999999999979
0.6788000000000016
0.6942000000000004
0.6734999999999991
0.6288999999999989
0.628999999999999
0.828599999999996
0.8147999999999989
0.834600000000002
1.0660000000000003
1.3558999999999988
1.4554999999999985
1.4795000000000003
1.4865000000000017
1.4938000000000007
1.5033999999999992
1.5212000000000003
1.5235999999999916
1.5187000000000062
1.556499999999994
1.6492000000000062
1.6723000000000043
1.6813000000000078
1.6894999999999993
1.6955000000000053
1.6867999999999994
1.5795000000000003
1.561199999999996
1.5569000000000055
1.4294999999999947
1.142399999999999
0.948600000000005
0.8462999999999998
0.779599999999997
0.7726999999999984
0.7488999999999968
0.5867999999999984
0.4165000000000002
0.3582000000000002
0.3380000000000008
0.15009999999999954
0.12800000000000034
0.12830000000000064
0.1344000000000005
0.14189999999999967
0.14209999999999987
0.14320000000000027
0.14380000000000018
0.14339999999999978
0.13989999999999975
0.13839999999999963
0.13929999999999984
0.14170000000000016
0.14279999999999987
0.13169999999999987
0.11929999999999996
0.11040000000000008
0.09520000000000015
0.0786999999999996
0.10760000000000006
0.13069999999999957
0.4047999999999996
3.2246000000000006
3.7205999999999997
7.4876
13.075800000000001
18.1826
21.2344
22.241899999999998
22.0945
22.8552
23.638599999999997
