2.5268999999999986
2.4285
2.341799999999994
2.2624999999999895
2.191500000000002
2.134999999999998
2.160799999999996
2.242999999999995
2.2619000000000056
1.8335000000000046
1.4661000000000035
1.3243000000000005
1.3444000000000011
1.3473000000000013
1.3394000000000017
1.3485999999999998
1.3357000000000008
1.263599999999998
1.2507000000000046
1.2475000000000014
1.2163000000000035
1.1448999999999987
0.9998000000000007
0.8652999999999994
0.7227000000000011
0.5690000000000001
0.7127999999999995
0.9969999999999979
1.3092999999999966
1.5077000000000007
1.5573000000000004
1.5378000000000003
1.5498000000000012
1.5822999999999976
1.6140000000000043
1.6898000000000024
1.7086999999999963
1.7154000000000003
1.7720999999999987
1.9536999999999916
2.1750000000000047
2.3067999999999977
2.3204000000000002
2.292099999999997
2.2557999999999967
2.271599999999996
2.2793000000000063
2.243799999999996
2.1643999999999997
2.0865000000000022
2.0705000000000084
2.1583999999999937
2.292699999999992
2.3957000000000006
2.408100000000002
2.374900000000002
2.3729
2.391500000000002
2.377399999999996
2.2890999999999995
2.0926
1.7775999999999959
1.5537999999999996
1.6308999999999962
1.847100000000007
2.046899999999996
2.1334000000000075
2.0997000000000043
2.0650999999999975
2.0692000000000044
2.071500000000004
2.0585999999999993
1.9973000000000019
1.9348000000000032
1.9334000000000073
1.9514000000000031
1.9538999999999973
1.9822000000000006
2.0440000000000014
2.036900000000008
1.8969999999999931
1.7990000000000006
1.7912999999999957
1.8189999999999984
1.7165000000000041
1.520100000000002
1.3802000000000036
1.3673999999999964
1.3612000000000013
1.3369999999999993
1.3299000000000005
1.349499999999998
1.3784000000000018
1.4103000000000032
1.4397000000000049
1.4369999999999994
1.4398999999999995
1.3842999999999994
1.2248999999999954
0.9743000000000002
0.7145999999999986
0.4773000000000027
0.3578000000000012
0.35309999999999925
0.3614999999999993
0.37599999999999995
0.3810000000000008
0.39599999999999913
0.6003000000000008
1.0259999999999991
1.4932
1.8215999999999954
2.056099999999994
2.1374000000000004
2.107300000000001
2.131799999999995
2.1525000000000016
2.1895
2.224599999999999
2.235700000000007
2.2725999999999913
2.307799999999993
2.321099999999998
2.3141999999999996
2.319199999999999
2.3284000000000082
2.3233999999999977
2.3222000000000076
2.3368999999999973
2.265700000000004
2.048300000000003
1.7232000000000025
1.2434
0.7276999999999978
0.4823999999999995
0.48970000000000125
0.4987000000000019
0.5396000000000012
0.6204999999999988
0.6984999999999991
0.7563999999999987
0.8210999999999996
0.8728999999999987
0.8949000000000013
0.8733999999999992
0.8350999999999997
0.8040999999999993
0.7741999999999999
0.7564000000000015
0.7395999999999986
0.7325999999999999
0.7042999999999994
0.6563999999999987
0.6028000000000006
0.5384
0.45319999999999944
0.3500000000000003
0.27329999999999993
0.25200000000000083
0.23960000000000092
0.20379999999999981
0.1812000000000001
0.1801999999999998
0.2021000000000002
0.21889999999999965
0.23150000000000046
0.23930000000000062
0.2370999999999998
0.23129999999999956
0.2258999999999997
0.22110000000000046
0.29479999999999923
0.4373000000000002
0.4577999999999999
0.669900000000001
1.0019
1.3009999999999966
1.4778999999999987
1.5149000000000024
1.5014000000000027
1.597599999999999
1.6647999999999996
1.6808999999999963
1.6908000000000034
1.6954999999999998
1.6961000000000004
1.6954000000000025
1.6925000000000023
1.6893000000000047
1.688400000000001
1.6878000000000004
1.6623999999999972
1.5935000000000032
1.5841999999999967
1.549600000000001
1.4086000000000043
1.1436000000000002
0.8275000000000005
0.6329000000000001
0.6108000000000002
0.43520000000000086
0.22000000000000006
0.15089999999999965
0.11029999999999998
0.11420000000000007
0.13299999999999979
0.1343999999999998
0.13279999999999959
0.13210000000000027
0.1351999999999999
0.14909999999999993
0.19299999999999942
0.23919999999999914
0.27770000000000017
0.28820000000000096
0.28740000000000016
0.2813999999999997
0.2693000000000001
0.2565999999999999
0.24379999999999957
0.22760000000000002
0.21650000000000003
0.2144
0.22170000000000037
0.23159999999999986
0.24310000000000026
0.24469999999999908
0.24019999999999875
0.2338999999999994
0.23410000000000028
0.2349000000000004
0.2262
0.20639999999999964
0.1786000000000003
0.16330000000000025
0.15449999999999978
0.15259999999999996
0.15359999999999957
0.15520000000000048
0.16369999999999996
0.16530000000000017
0.16550000000000037
0.1691999999999999
0.17460000000000045
0.18659999999999996
0.20550000000000013
0.2252999999999998
0.23749999999999952
0.24590000000000029
0.3484000000000001
0.4295000000000007
0.4987000000000019
0.7999000000000006
1.056299999999999
1.1351
1.2734000000000023
1.4199000000000017
1.475399999999999
1.4603000000000033
1.4574000000000031
1.4355000000000007
1.4380999999999977
1.5869999999999995
1.6780000000000017
1.686399999999999
1.6925999999999997
1.7018000000000033
1.7316999999999971
1.7452000000000023
1.6855000000000009
1.6131000000000006
1.6127999999999976
1.5800000000000036
1.5151999999999999
1.4967999999999981
1.4189000000000007
1.2882000000000005
1.2031999999999987
1.192399999999999
1.1239999999999972
1.0807999999999984
1.0840000000000016
0.9262999999999966
0.7796999999999998
0.7565999999999989
0.7499000000000006
0.7609000000000005
0.7211999999999996
0.694800000000001
0.6969000000000003
0.6925000000000014
0.6672000000000011
0.5924000000000013
0.4953000000000013
0.4387000000000002
0.4271000000000011
0.4272999999999999
0.4268999999999995
0.4600999999999994
0.4743999999999998
0.4712999999999995
0.4718999999999987
0.4862000000000005
0.5109000000000002
0.5287999999999987
0.5293999999999993
0.5312000000000011
0.5622999999999989
0.5620000000000014
0.5612000000000006
0.5622999999999989
0.5637000000000003
0.5629999999999996
0.562399999999999
0.5586999999999981
0.5568999999999991
0.5574999999999997
0.5582000000000004
0.5318000000000017
0.5200999999999983
0.5150999999999989
0.4748000000000016
0.4062999999999997
0.3175000000000011
0.292400000000001
0.49240000000000117
0.5275000000000002
0.5972000000000005
0.7601999999999998
0.9582000000000035
1.1446000000000012
1.2471999999999983
1.2643999999999989
1.3544
1.4178999999999997
1.4287999999999967
1.4636000000000038
1.4976999999999963
1.528400000000002
1.5291
1.5427000000000024
1.6730000000000023
1.9717999999999902
2.110499999999993
2.1338999999999997
2.078100000000005
2.0600000000000063
2.0544000000000007
2.083900000000005
2.0252999999999965
1.953399999999994
2.1612000000000076
2.6907000000000014
2.915699999999999
2.9256999999999977
2.9344000000000037
2.9303999999999997
2.922099999999994
2.9411999999999994
2.9667
2.956800000000004
2.9391999999999974
2.960800000000008
2.9179000000000066
2.8853000000000018
2.883100000000005
2.9247000000000023
2.9634999999999967
2.8992000000000018
2.842
2.840100000000001
2.7661000000000047
2.460300000000004
2.244999999999997
2.250999999999992
2.3499999999999965
2.4958999999999953
2.6402999999999954
2.7421999999999946
2.814900000000009
2.831600000000001
2.6635000000000075
2.0867999999999998
1.6801999999999984
1.5457999999999972
1.721600000000001
1.9893999999999967
2.1519999999999984
2.191900000000002
2.2069999999999923
2.2267999999999954
2.2360000000000047
2.2454000000000085
2.2944000000000075
2.345799999999998
2.3507999999999973
2.2301000000000015
1.999899999999999
1.7614999999999992
1.4996999999999983
1.2626000000000026
1.0216999999999976
0.8452000000000015
0.7414000000000004
0.741
0.7397999999999988
0.7030999999999982
0.6912000000000001
0.6925000000000014
0.6797000000000025
0.6858000000000003
0.6933999999999996
0.7154999999999995
0.7224999999999981
0.722399999999998
0.7143999999999984
0.717000000000001
0.8361000000000007
1.0609999999999953
1.3058999999999987
1.521100000000003
1.641999999999999
1.6614000000000018
1.6307000000000016
1.5859999999999985
1.5376
1.4700999999999964
1.4178999999999997
1.394200000000001
1.3988
1.4303999999999983
1.4629999999999976
1.4956999999999998
1.5301999999999982
1.5562999999999994
1.5859000000000012
1.6341999999999968
1.6438999999999981
1.581100000000002
1.4221999999999957
1.142099999999996
0.8352999999999999
0.6722000000000006
0.5986000000000019
0.5462000000000022
0.49180000000000057
0.4815999999999987
0.5222000000000004
0.5079
0.45409999999999895
0.42039999999999994
0.3794999999999993
0.3377999999999992
0.33249999999999946
0.34129999999999994
0.3463999999999995
0.34420000000000006
0.3331999999999988
0.33289999999999986
0.3345000000000001
0.3293000000000004
0.31829999999999914
0.3158000000000008
0.32159999999999966
0.3259999999999999
0.3340999999999997
0.3369999999999998
0.3046000000000007
0.28500000000000053
0.2790000000000001
0.27719999999999967
0.2897999999999998
0.29620000000000063
0.2605999999999997
0.22009999999999946
0.1906999999999999
0.1924000000000002
0.20700000000000024
0.21930000000000005
0.2249000000000001
0.2248
0.2249000000000001
0.22710000000000022
0.23169999999999996
0.23340000000000027
0.23090000000000055
0.23020000000000054
0.23019999999999985
0.2236999999999996
0.21590000000000012
0.2152000000000001
0.2131000000000001
0.21069999999999978
0.2152000000000001
0.21760000000000043
0.2147999999999997
0.27589999999999976
0.548499999999999
0.5610999999999977
0.6692000000000004
1.0645000000000016
1.544000000000001
1.887899999999998
2.014300000000002
2.015599999999995
2.072099999999999
2.152799999999999
2.1784000000000026
2.193400000000001
2.1948999999999996
2.1943999999999964
2.1935999999999956
2.1930000000000005
2.1926
2.1948999999999996
2.199200000000001
2.185300000000001
2.092000000000005
2.0703000000000027
2.06360000000001
1.9467000000000012
1.6267000000000031
1.1474999999999957
0.7336000000000009
0.6177000000000016
0.5296999999999996
0.31019999999999937
0.22959999999999994
0.17090000000000022
0.1686
0.1683999999999998
0.1669999999999998
0.16289999999999985
0.1592000000000003
0.14990000000000003
0.1350000000000004
0.28970000000000107
0.3174999999999997
0.3834000000000004
0.5347000000000018
0.6693000000000005
0.7483999999999991
0.7740999999999998
0.7782999999999984
0.8422999999999986
0.9319999999999995
0.9453000000000017
0.9697000000000011
1.1249999999999982
1.1591999999999991
1.1896000000000018
1.325599999999999
1.5117999999999965
1.6383999999999954
1.670499999999997
1.6670999999999991
1.6780000000000017
1.7364999999999964
1.738400000000001
1.7160000000000009
1.6811999999999994
1.656599999999997
1.6556000000000015
1.6595000000000026
1.640400000000003
1.6025000000000011
1.6000000000000014
1.5898999999999996
1.4811000000000019
1.5066000000000024
1.5338999999999992
1.420100000000002
1.2556000000000012
1.1772000000000005
1.2097000000000024
1.2402999999999997
1.2472999999999956
1.1951999999999963
1.1937999999999949
1.2283999999999962
1.2474999999999958
1.2278000000000011
1.2057999999999958
1.2537999999999994
1.2855000000000005
1.2921000000000016
1.2865000000000015
1.2803999999999982
1.275599999999999
1.1980999999999964
1.1307999999999985
1.1446000000000012
1.1149999999999993
1.0027000000000008
0.8714
0.8145000000000013
0.7473000000000007
0.7071999999999995
0.6979000000000013
0.5689999999999973
0.40970000000000034
0.3398000000000012
0.3367999999999996
0.24339999999999917
0.17539999999999986
0.1669999999999998
0.2828000000000011
0.3370999999999999
0.38900000000000046
0.5750999999999978
0.7917999999999981
0.9646999999999961
1.056299999999999
1.069500000000001
1.0680999999999996
1.1199999999999988
1.1168999999999984
1.1093999999999993
1.1079000000000006
1.1099000000000026
1.1136999999999952
1.1174000000000017
1.1191000000000006
1.1193999999999982
1.1189999999999978
1.118600000000003
1.0676000000000019
1.0653999999999997
1.2129999999999974
1.1807000000000012
1.1811000000000016
1.3527000000000011
1.5925999999999996
1.7560999999999993
1.7921999999999993
1.7598000000000003
1.8780999999999992
1.9457000000000058
1.9471000000000016
1.9465000000000066
1.944800000000002
1.944800000000002
1.9472999999999963
1.9487000000000032
1.946800000000004
1.9442999999999988
1.9463000000000008
1.9202000000000052
1.8131999999999981
1.7979999999999996
1.8113999999999963
1.7795999999999979
1.724500000000001
1.7056999999999989
1.7377000000000031
1.7299000000000009
1.5712000000000004
1.4625
1.4452999999999994
1.4558999999999989
1.4622999999999997
1.4338000000000017
1.373000000000002
1.3061000000000045
1.2504999999999988
1.213000000000003
1.2168000000000012
1.295400000000002
1.4672999999999992
1.5998000000000012
0.911099999999998
0.3827999999999998
0.15060000000000073
0.37690000000000223
0.6020000000000025
0.3974000000000033
1.297100000000001
3.4529999999999976
3.5180000000000016
3.504800000000002
3.8005000000000013
