1.0209999999999997
1.0046
0.9814999999999963
0.9659000000000029
1.0444999999999982
1.1153999999999997
1.0994000000000004
1.0840000000000016
1.0735999999999968
1.047300000000001
1.0481999999999991
1.0263999999999995
1.0106000000000004
0.9778999999999982
0.905800000000001
0.8767000000000025
0.8442000000000005
0.8006999999999986
0.7883000000000029
0.7179999999999964
0.6568999999999992
0.5912000000000001
0.5414000000000002
0.5713999999999997
0.5219000000000001
0.42169999999999985
0.4297000000000023
0.4492999999999997
0.5721000000000004
0.6938
0.7877999999999996
0.828000000000001
0.8318999999999965
1.0403999999999969
1.249100000000003
1.2870999999999966
1.3881000000000032
1.6382000000000008
1.995199999999997
2.3023000000000016
2.4322000000000066
2.447200000000005
2.4441999999999964
2.4710999999999927
2.532699999999999
2.5307999999999997
2.4611999999999967
2.4527999999999994
2.5270000000000015
2.645900000000001
2.7593999999999896
2.8747999999999996
2.9193000000000024
2.8388999999999998
2.6760000000000117
2.604800000000007
2.617999999999998
2.603000000000011
2.4729
2.2623999999999977
2.149000000000001
2.1426999999999974
2.1670999999999996
2.1731000000000056
2.1100000000000008
2.0572999999999952
2.0457999999999976
2.040900000000001
1.9859999999999989
1.859299999999997
1.6981999999999942
1.4903
1.3278000000000012
1.1014999999999997
0.9681999999999968
0.9789999999999965
1.0599000000000025
1.0707000000000022
1.055900000000004
1.1340000000000017
1.3091999999999937
1.4119000000000104
1.4127
1.4017999999999975
1.4919000000000016
1.6432000000000002
1.752699999999996
1.773199999999997
1.7718000000000012
1.8100000000000005
1.8294000000000032
1.8110999999999988
1.7782999999999993
1.774500000000001
1.7781999999999965
1.7742000000000036
1.7245999999999984
1.6842000000000024
1.6900000000000026
1.6652
1.5307999999999988
1.4019000000000004
1.360299999999992
1.3734000000000024
1.3526999999999956
1.2867000000000017
1.2461
1.2578000000000034
1.2358999999999953
1.084099999999999
0.8952999999999989
0.7068999999999992
0.6059000000000009
0.5125999999999992
0.4710999999999993
0.448800000000002
0.4167000000000004
0.33179999999999876
0.27469999999999994
0.2718999999999999
0.27699999999999947
0.28490000000000043
0.28760000000000036
0.3031999999999993
0.3704000000000013
0.4946000000000006
0.6292999999999993
0.7406999999999997
0.773299999999999
0.7759000000000016
0.7730999999999988
0.7863000000000009
0.7823999999999998
0.7550000000000001
0.744800000000001
0.7388999999999979
0.7818999999999965
0.9122000000000019
1.0170000000000012
1.0323000000000027
1.0072999999999999
1.0133000000000003
1.1085000000000012
1.1676999999999993
1.1694999999999955
1.1782999999999988
1.1707999999999996
1.1412000000000033
1.131800000000005
1.141700000000001
1.159300000000002
1.1373999999999995
1.1104999999999976
1.100300000000004
1.0848999999999998
1.0807999999999984
1.0658
0.9714
0.8489000000000024
0.8096999999999965
0.8092999999999961
0.7786000000000015
0.6483000000000017
0.5495
0.5868000000000012
0.6392999999999982
0.700099999999998
0.7855999999999974
0.8799999999999975
0.9045000000000025
0.9263999999999994
0.9328000000000003
0.9108000000000005
0.9046999999999972
0.9531999999999985
1.034099999999999
1.0992999999999975
1.1133000000000004
1.092700000000002
1.0865000000000014
1.0709000000000024
1.0527999999999982
1.0456999999999994
1.0460000000000025
1.0448999999999986
1.040000000000002
1.042599999999999
1.0257000000000016
0.9919000000000011
0.9602999999999973
0.8875999999999995
0.8577999999999975
0.8722000000000008
0.8813999999999989
0.8392999999999984
0.7574999999999998
0.6769999999999998
0.6546999999999997
0.6535000000000013
0.6457999999999992
0.6462999999999997
0.6807000000000007
0.7339999999999958
0.8382999999999974
0.8936999999999973
0.8940999999999977
0.8996000000000004
0.9143000000000012
0.9227000000000041
0.9292999999999996
0.920399999999999
0.8678000000000019
0.806800000000002
0.7821999999999996
0.7823000000000024
0.8102999999999971
0.8753000000000011
0.9421000000000013
0.9691000000000005
0.9726000000000012
1.0000000000000009
1.0285999999999962
1.0211000000000026
0.9384000000000003
0.8977000000000013
0.9566000000000019
1.0268999999999973
1.0321999999999998
1.0230000000000017
1.0011999999999965
0.9692000000000034
0.9433000000000025
0.9267000000000025
0.8776000000000006
0.8475999999999984
0.8498000000000006
0.8288000000000018
0.7937000000000027
0.7942000000000005
0.7967000000000002
0.7414000000000032
0.6396999999999986
0.5590999999999985
0.5471000000000004
0.5573999999999996
0.5395999999999984
0.48150000000000137
0.4678999999999989
0.4622999999999988
0.4626999999999992
0.4576999999999998
0.4518999999999995
0.46359999999999735
0.4822999999999994
0.5015000000000019
0.5104999999999998
0.5426999999999987
0.6073000000000023
0.5650999999999989
0.4963999999999996
0.4741999999999996
0.4758000000000012
0.5233999999999989
0.5639000000000005
0.5748000000000003
0.5958999999999992
0.6259000000000015
0.7299999999999973
0.7777000000000034
0.7789000000000046
0.7813000000000014
0.7839999999999958
0.8029999999999982
0.7969000000000004
0.7887000000000033
0.7778000000000007
0.7467000000000001
0.6492000000000026
0.5946000000000007
0.5929999999999991
0.5929999999999991
0.5776000000000003
0.5896000000000012
0.5869000000000013
0.5972999999999978
0.656699999999999
0.6979000000000013
0.6626000000000021
0.6485999999999992
0.7338000000000011
0.8837000000000039
0.8894999999999986
0.8705999999999992
0.8845000000000047
0.8915000000000006
0.8864999999999956
0.8960999999999997
0.948899999999997
0.9976999999999958
1.0012999999999994
0.9871999999999992
0.9856000000000031
1.0145999999999988
1.1019
1.1328000000000005
1.0689000000000004
1.014799999999999
1.0328000000000004
1.0819999999999996
1.0842000000000018
1.0016000000000025
0.991000000000003
0.9575999999999973
0.9043999999999996
0.8815000000000017
0.9088999999999958
0.9371000000000018
0.9239000000000053
0.8897999999999961
0.8865000000000012
0.9248000000000034
1.0151000000000021
1.0496000000000005
1.0274999999999979
1.0844999999999994
1.1239
1.1205999999999994
1.0977000000000015
1.0861999999999983
1.0911000000000004
1.0970999999999953
1.1184000000000027
1.1232999999999993
1.1676999999999993
1.2376999999999971
1.4234999999999998
1.7753000000000019
2.117199999999997
2.3746999999999963
2.4787000000000003
2.4889999999999968
2.4652000000000007
2.382800000000007
2.2764999999999924
2.1029000000000075
1.954800000000001
1.8242000000000091
1.7795000000000005
1.791100000000001
1.8132000000000037
1.779200000000003
1.5759999999999996
1.4523999999999981
1.429400000000003
1.4125999999999972
1.403399999999999
1.3255000000000017
1.1885000000000034
1.0388999999999982
1.0218000000000005
1.1251999999999984
1.1093999999999993
1.0921999999999987
1.0657000000000028
1.0116999999999987
0.9508000000000016
0.8865000000000012
0.8853999999999973
0.9097999999999995
0.928000000000001
0.9305000000000008
0.928000000000001
0.9489999999999998
0.9345999999999965
0.8278999999999981
0.6377999999999995
0.5266999999999994
0.48889999999999767
0.48860000000000015
0.5233999999999989
0.5281000000000008
0.5260999999999988
0.48789999999999945
0.42280000000000095
0.39980000000000016
0.4334999999999978
0.48940000000000095
0.5445999999999979
0.5657999999999996
0.5653999999999992
0.5544999999999994
0.5674000000000012
0.5961000000000022
0.591899999999998
0.5917000000000006
0.6325999999999998
0.6294999999999995
0.605
0.6070999999999993
0.6172000000000011
0.6258000000000014
0.654200000000002
0.6777000000000033
0.6828000000000001
0.6942000000000004
0.7093000000000016
0.6775000000000031
0.6367999999999985
0.6733000000000045
0.6873999999999991
0.6904999999999994
0.6924999999999959
0.6946000000000008
0.7054000000000005
0.7057000000000035
0.6817000000000017
0.6848999999999994
0.7282999999999984
0.7523000000000002
0.7467000000000001
0.7886000000000004
0.8456999999999992
0.9438999999999975
1.024400000000003
1.0409999999999975
1.0259000000000018
1.0865999999999987
1.1291999999999969
1.1195999999999984
1.1197999999999986
1.1317000000000021
1.1462000000000028
1.1369000000000018
1.1224999999999985
1.110300000000003
1.0903000000000052
1.0888999999999982
1.0463
0.9974000000000038
0.9969999999999979
0.9868000000000043
0.9568999999999994
0.8842000000000017
0.8095000000000019
0.8058999999999983
0.8365000000000011
0.7265999999999995
0.6407000000000024
0.6886000000000003
0.7379999999999998
0.7777000000000034
0.7765000000000022
0.7790999999999992
0.7956000000000019
0.7985999999999993
0.7998000000000005
0.7961999999999969
0.7942000000000005
0.7802000000000031
0.7496999999999976
0.6922000000000039
0.627999999999998
0.5508999999999986
0.5294000000000021
0.5397999999999986
0.5351999999999996
0.5292000000000019
0.5298999999999998
0.5315000000000014
0.531100000000001
0.5289000000000016
0.5292999999999992
0.5227000000000009
0.5104999999999998
0.5063000000000012
0.5166000000000004
0.545000000000001
0.5565000000000014
0.544
0.4949999999999982
0.4697000000000007
0.4639000000000004
0.45429999999999915
0.4276000000000002
0.41170000000000095
0.40969999999999895
0.4121999999999987
0.40860000000000063
0.40910000000000113
0.4136000000000001
0.4026000000000002
0.3916000000000003
0.38650000000000073
0.3812999999999983
0.38529999999999953
0.38630000000000053
0.36139999999999783
0.31009999999999927
0.25209999999999955
0.24959999999999982
0.3381999999999996
0.3566999999999987
0.3627000000000019
0.380999999999998
0.3939999999999999
0.39669999999999983
0.39649999999999963
0.5882999999999999
0.8483999999999992
0.9230999999999989
0.9276000000000006
1.1471999999999982
1.6147000000000022
2.0439999999999903
2.269600000000005
2.3096000000000005
2.348500000000009
1.854
1.2678999999999996
1.3696000000000152
1.426200000000022
2.993200000000007
5.569000000000002
8.551799999999998
11.829
15.496700000000008
19.43949999999999
23.005500000000012
25.3398
28.23279999999999
32.73049999999999
