0.18899999999999473
0.18160000000000398
0.1750999999999947
0.1690999999999998
0.1639000000000057
0.15959999999999308
0.16160000000000618
0.16770000000000396
0.1690999999999998
0.13700000000000379
0.10970000000000146
0.09899999999999909
0.10049999999999781
0.10069999999999801
0.10010000000000296
0.10080000000000089
0.09990000000000276
0.09440000000000004
0.09350000000000191
0.09330000000000171
0.09090000000000487
0.08560000000000234
0.07469999999999977
0.06470000000000087
0.05410000000000137
0.04250000000000087
0.05330000000000057
0.07459999999999689
0.09790000000000076
0.11270000000000446
0.11639999999999984
0.11500000000000399
0.11590000000000211
0.11829999999999896
0.12060000000000404
0.1263000000000014
0.12769999999999726
0.12829999999999786
0.13239999999999919
0.14609999999999346
0.16260000000000163
0.17240000000000588
0.1735000000000042
0.17129999999999646
0.1686999999999994
0.16979999999999773
0.17040000000000388
0.16770000000000396
0.16180000000000083
0.15600000000000058
0.15479999999999938
0.16140000000000043
0.17139999999999933
0.1791000000000098
0.18009999999999415
0.17759999999999998
0.17739999999999423
0.17880000000000118
0.17779999999999463
0.1711000000000018
0.15640000000000098
0.1328999999999969
0.11610000000000231
0.12199999999999989
0.1381000000000021
0.15299999999999203
0.1595000000000013
0.15700000000000713
0.15439999999999898
0.1547000000000076
0.15490000000000226
0.1539000000000068
0.14939999999999953
0.14459999999999473
0.14450000000000296
0.14580000000000704
0.14610000000000456
0.14819999999999833
0.15279999999999738
0.1523000000000052
0.14179999999999748
0.13450000000000406
0.13400000000000079
0.13599999999999723
0.12840000000000074
0.11369999999999991
0.10310000000000041
0.10219999999999674
0.10180000000000189
0.09990000000000276
0.09940000000000504
0.10089999999999821
0.10300000000000309
0.10539999999999994
0.10760000000000214
0.10740000000000194
0.10769999999999946
0.10339999999999794
0.09159999999999724
0.07290000000000352
0.05340000000000067
0.035700000000002396
0.026800000000000435
0.026400000000000035
0.027099999999999347
0.028100000000000347
0.028500000000000747
0.02969999999999917
0.044900000000000495
0.07670000000000177
0.11170000000000346
0.13619999999999743
0.15370000000000106
0.15969999999999596
0.15760000000000218
0.15939999999999843
0.16089999999999716
0.16369999999999996
0.166299999999997
0.1670999999999978
0.1699000000000006
0.17249999999999766
0.1734999999999931
0.1730999999999927
0.17340000000000133
0.17400000000000748
0.17369999999999886
0.17360000000000708
0.1747000000000054
0.16939999999999733
0.15320000000000888
0.12880000000000114
0.09290000000000131
0.054399999999998894
0.03610000000000002
0.03660000000000052
0.03730000000000122
0.04029999999999867
0.04639999999999922
0.05219999999999947
0.05659999999999832
0.06140000000000034
0.06520000000000137
0.06690000000000029
0.06529999999999869
0.06239999999999857
0.06009999999999904
0.05789999999999962
0.056600000000001094
0.055299999999999794
0.054799999999999294
0.05269999999999997
0.049099999999999144
0.045100000000000695
0.04019999999999857
0.03389999999999921
0.026099999999999735
0.020399999999999585
0.01880000000000076
0.01789999999999986
0.015199999999999936
0.013600000000000417
0.013399999999999523
0.01510000000000053
0.016399999999999748
0.017299999999999954
0.017900000000001248
0.01779999999999976
0.017299999999999954
0.016900000000000248
0.016500000000000542
0.021999999999999797
0.032699999999999396
0.03419999999999951
0.050100000000000144
0.07489999999999997
0.09729999999999461
0.11050000000000226
0.11329999999999951
0.11220000000000119
0.11939999999999729
0.12449999999999961
0.1257000000000008
0.1264000000000043
0.12679999999999914
0.12679999999999914
0.12679999999999914
0.1265000000000016
0.1263000000000014
0.12619999999999854
0.12619999999999854
0.12429999999999941
0.11909999999999976
0.11849999999999916
0.11590000000000211
0.10530000000000261
0.08549999999999947
0.06180000000000074
0.04730000000000012
0.045700000000001295
0.032500000000000584
0.016399999999999748
0.011300000000000199
0.008299999999999974
0.008500000000000174
0.009900000000000186
0.010099999999999693
0.009900000000000186
0.009900000000000186
0.010100000000000386
0.011099999999999999
0.01439999999999983
0.01789999999999986
0.020699999999999885
0.021600000000000785
0.021500000000000685
0.021000000000000185
0.020100000000000673
0.019199999999999773
0.01820000000000016
0.016999999999999654
0.016200000000000242
0.016000000000000042
0.016599999999999948
0.017299999999999954
0.01820000000000016
0.01830000000000026
0.01789999999999986
0.01749999999999946
0.017500000000000154
0.01759999999999956
0.016900000000000248
0.015499999999999542
0.013400000000000217
0.012199999999999711
0.011499999999999705
0.011400000000000299
0.011499999999999705
0.011600000000000499
0.012300000000000505
0.012399999999999911
0.012399999999999911
0.012600000000000111
0.013000000000000511
0.013900000000000023
0.015300000000000036
0.016900000000000248
0.017700000000000354
0.01840000000000036
0.026000000000001022
0.032100000000000184
0.03730000000000122
0.05979999999999874
0.07900000000000129
0.08490000000000442
0.09520000000000084
0.10620000000000074
0.11029999999999651
0.10920000000000374
0.10890000000000066
0.10729999999999906
0.10749999999999926
0.11869999999999936
0.1255000000000006
0.1261000000000012
0.1265000000000016
0.12719999999999954
0.12949999999999906
0.13040000000000274
0.12599999999999834
0.12059999999999849
0.12059999999999849
0.11810000000000431
0.11329999999999951
0.11189999999999811
0.10600000000000054
0.09629999999999916
0.09000000000000119
0.08909999999999751
0.08399999999999519
0.08079999999999754
0.08110000000000062
0.06919999999999982
0.05830000000000002
0.056500000000000994
0.056100000000000594
0.05689999999999862
0.053899999999998394
0.051900000000001945
0.05209999999999937
0.051800000000001845
0.049899999999999944
0.044299999999999895
0.03700000000000092
0.032800000000000884
0.03190000000000137
0.031899999999999984
0.032000000000000084
0.034400000000001096
0.03539999999999932
0.03520000000000051
0.03529999999999922
0.03630000000000022
0.03820000000000212
0.03949999999999787
0.039600000000000746
0.039700000000000846
0.04200000000000037
0.04200000000000037
0.04200000000000037
0.04210000000000047
0.04220000000000057
0.04210000000000047
0.04200000000000037
0.04170000000000007
0.04159999999999997
0.04170000000000007
0.04170000000000007
0.039800000000000946
0.038799999999999946
0.038499999999999646
0.03550000000000081
0.03039999999999987
0.02370000000000011
0.021800000000000985
0.03680000000000072
0.039500000000000646
0.044600000000000195
0.056800000000001294
0.07170000000000232
0.08549999999999947
0.09319999999999884
0.09449999999999736
0.10129999999999861
0.10610000000000341
0.10679999999999579
0.10940000000000394
0.11200000000000099
0.11430000000000051
0.11430000000000051
0.11530000000000151
0.1250000000000029
0.1475000000000004
0.15779999999999683
0.15960000000000418
0.15540000000000553
0.15399999999999858
0.15360000000000928
0.15580000000000593
0.15139999999999043
0.14599999999999058
0.16160000000000618
0.2010999999999985
0.21800000000000708
0.218700000000005
0.21940000000000293
0.21899999999999142
0.21839999999999637
0.21980000000000333
0.22179999999999422
0.2211000000000074
0.21980000000000333
0.22130000000000205
0.21809999999999885
0.21570000000000755
0.2155000000000018
0.21860000000000213
0.22159999999999958
0.21680000000000588
0.21250000000000435
0.2122999999999986
0.20680000000000698
0.18400000000000638
0.16779999999999573
0.168299999999999
0.17569999999998975
0.18660000000000343
0.19740000000000313
0.20499999999999963
0.21050000000000235
0.21169999999999245
0.1991000000000076
0.15600000000000058
0.1257000000000008
0.11549999999999616
0.1287000000000038
0.1486999999999905
0.16089999999999716
0.1638999999999946
0.16499999999999293
0.16639999999999988
0.16720000000000068
0.1678999999999986
0.17160000000000508
0.17539999999999223
0.17580000000000373
0.16680000000000028
0.1495000000000024
0.1316999999999957
0.11209999999999831
0.09440000000000004
0.07639999999999869
0.06320000000000214
0.055399999999999894
0.05540000000000267
0.055299999999999794
0.05259999999999987
0.051700000000001745
0.051700000000001745
0.050800000000000844
0.051300000000001345
0.05189999999999917
0.05350000000000077
0.053999999999998494
0.053999999999998494
0.053399999999997894
0.05360000000000087
0.06249999999999867
0.07939999999999614
0.09759999999999769
0.11369999999999991
0.12280000000000069
0.12420000000000209
0.12189999999999701
0.11860000000000204
0.11499999999999844
0.10989999999999611
0.10600000000000054
0.10419999999999874
0.10459999999999914
0.10699999999999599
0.10939999999999839
0.11190000000000366
0.11439999999999784
0.11629999999999696
0.11850000000000471
0.12220000000000009
0.12289999999999801
0.11820000000000164
0.10629999999999806
0.08539999999999659
0.06250000000000144
0.050300000000000344
0.044700000000000295
0.040800000000001946
0.036799999999997945
0.03599999999999992
0.039000000000000146
0.037999999999999146
0.03399999999999931
0.031399999999999484
0.02829999999999916
0.025300000000000322
0.024899999999999922
0.025500000000000522
0.025899999999999535
0.025700000000000722
0.024899999999999922
0.024899999999999922
0.025000000000000022
0.024599999999999622
0.02380000000000021
0.02360000000000001
0.02400000000000041
0.024399999999999422
0.024899999999999922
0.025200000000000222
0.022700000000000498
0.021300000000000485
0.020799999999999985
0.020699999999999885
0.021699999999999497
0.022099999999999898
0.019500000000000073
0.016399999999999748
0.01419999999999963
0.014400000000000523
0.015500000000000236
0.016400000000000442
0.016800000000000148
0.016800000000000148
0.016800000000000148
0.017000000000000348
0.017400000000000054
0.017500000000000154
0.017299999999999954
0.017199999999999854
0.017199999999999854
0.016800000000000148
0.016200000000000242
0.016100000000000142
0.015899999999999942
0.015699999999999742
0.016000000000000042
0.016300000000000342
0.016000000000000042
0.020699999999999885
0.04099999999999937
0.041999999999997595
0.050000000000000044
0.07960000000000189
0.11550000000000171
0.14109999999999956
0.15060000000000073
0.1506999999999925
0.15490000000000226
0.16100000000000003
0.16279999999999628
0.16399999999999748
0.16410000000000036
0.16399999999999748
0.16399999999999748
0.1639000000000057
0.1639000000000057
0.16410000000000036
0.16439999999999788
0.16340000000000243
0.15640000000000098
0.15479999999999938
0.1543000000000072
0.1454999999999984
0.12159999999999949
0.08579999999999699
0.054899999999999394
0.04619999999999902
0.03959999999999797
0.02319999999999961
0.017199999999999854
0.012700000000000211
0.012600000000000111
0.012600000000000111
0.012500000000000011
0.012199999999999711
0.011900000000000105
0.011200000000000099
0.010100000000000386
0.021700000000000885
0.02370000000000011
0.02859999999999946
0.040000000000001146
0.050100000000000144
0.056000000000000494
0.05789999999999962
0.05819999999999992
0.06299999999999917
0.06959999999999744
0.07070000000000132
0.07250000000000312
0.08409999999999807
0.08670000000000067
0.08889999999999731
0.09909999999999641
0.11299999999999644
0.12249999999999761
0.12490000000000001
0.12460000000000249
0.1255000000000006
0.12979999999999658
0.12999999999999678
0.12829999999999786
0.1257000000000008
0.12380000000000169
0.12380000000000169
0.12400000000000189
0.12269999999999781
0.11980000000000324
0.11959999999999749
0.11889999999999956
0.11079999999999979
0.11269999999999891
0.11470000000000091
0.10620000000000074
0.09390000000000231
0.08799999999999919
0.09040000000000159
0.09279999999999844
0.09329999999999616
0.08940000000000059
0.08929999999999771
0.09189999999999476
0.09329999999999616
0.09180000000000299
0.09019999999999584
0.09379999999999944
0.09609999999999896
0.09659999999999669
0.09620000000000184
0.09580000000000144
0.09540000000000104
0.08959999999999524
0.08449999999999847
0.08549999999999947
0.08329999999999727
0.07489999999999997
0.06510000000000127
0.06089999999999984
0.055900000000000394
0.05290000000000017
0.05219999999999947
0.042499999999998095
0.03060000000000007
0.025400000000000422
0.025200000000000222
0.01820000000000016
0.013099999999999917
0.012500000000000011
0.021100000000000285
0.025200000000000222
0.02909999999999996
0.042999999999998595
0.05919999999999814
0.07209999999999717
0.07900000000000129
0.07989999999999942
0.07989999999999942
0.08380000000000054
0.08349999999999747
0.08289999999999687
0.08279999999999954
0.08299999999999974
0.08329999999999727
0.08349999999999747
0.08370000000000322
0.08369999999999767
0.08369999999999767
0.08370000000000322
0.07980000000000209
0.07970000000000477
0.09069999999999911
0.08830000000000227
0.08830000000000227
0.10120000000000129
0.11909999999999976
0.13130000000000086
0.13400000000000079
0.13159999999999838
0.14040000000000163
0.14540000000000664
0.1454999999999984
0.1455000000000095
0.14540000000000664
0.14540000000000664
0.14559999999999018
0.14570000000000416
0.14560000000000128
0.14540000000000664
0.1454999999999984
0.14359999999999928
0.1354999999999995
0.13440000000000119
0.13539999999999663
0.13310000000000266
0.128900000000004
0.12749999999999706
0.12989999999999946
0.1293000000000044
0.11749999999999816
0.10929999999999551
0.10800000000000254
0.10890000000000066
0.10939999999999839
0.10720000000000174
0.10260000000000269
0.09770000000000056
0.09349999999999636
0.09069999999999911
0.09069999999999911
0.09020000000000139
0.08259999999999934
0.08310000000000262
0.08719999999999839
0.08569999999999967
0.07920000000000149
0.07379999999999609
0.07179999999999964
0.07280000000000064
0.07059999999999844
0.06790000000000129
0.06950000000000012
0.06739999999999802
0.06299999999999917
0.06289999999999907
0.08289999999999687
0.08149999999999546
0.08350000000000302
0.10669999999999846
0.1356999999999997
0.14560000000000128
0.14809999999999546
0.14880000000000448
0.1494999999999913
0.15049999999999786
0.15220000000000233
0.15249999999999986
0.15200000000000768
0.15569999999999196
0.16500000000000403
0.16730000000000356
0.16820000000000723
0.16899999999999693
0.16970000000000596
0.16879999999999118
0.15809999999999436
0.15619999999999523
0.15580000000000593
0.143099999999996
0.11430000000000051
0.09490000000000332
0.08469999999999867
0.07799999999999474
0.07730000000000237
0.07499999999999729
0.05870000000000042
0.04170000000000007
0.03589999999999982
0.033800000000000496
0.014999999999999736
0.012800000000000311
0.012900000000000411
0.013400000000000217
0.01419999999999963
0.01419999999999963
0.014400000000000523
0.01439999999999983
0.01429999999999973
0.014000000000000123
0.01389999999999933
0.013900000000000023
0.01419999999999963
0.01429999999999973
0.013200000000000017
0.011900000000000105
0.010999999999999899
0.009599999999999886
0.009199999999999486
0.00910000000000008
0.009099999999999386
0.010700000000000293
0.018899999999999473
0.020000000000000573
0.02980000000000066
0.04599999999999882
0.06029999999999924
0.06879999999999942
0.07119999999999904
0.07100000000000162
0.07329999999999837
0.07480000000000264
0.07419999999999649
0.07369999999999877
0.07340000000000124
0.07320000000000104
0.07310000000000372
0.07290000000000352
0.07290000000000352
0.07269999999999777
0.07280000000000064
0.07230000000000292
0.06829999999999892
0.06730000000000069
0.06589999999999929
0.05960000000000132
0.047899999999997944
0.03630000000000022
0.044399999999999995
0.04539999999999822
0.05269999999999997
0.07429999999999937
0.09839999999999849
0.11450000000000071
0.12039999999999829
0.12039999999999829
0.12569999999999526
0.13019999999999698
0.13100000000000334
0.13330000000000286
0.1330999999999971
0.13250000000000206
0.13390000000000346
0.13960000000000083
0.1471
0.15249999999999986
0.15319999999999778
0.15490000000000226
0.14800000000000368
0.1442999999999972
0.14399999999999968
0.14160000000000283
0.13480000000000159
0.12689999999999646
0.12380000000000169
0.12709999999999666
0.12849999999999806
0.13739999999999863
0.14020000000000143
0.13799999999999923
0.1471
0.16410000000000036
0.1811000000000007
0.19540000000000113
0.24579999999999602
0.18810000000000215
0.5722999999999923
0.7677000000000045
1.2507999999999964
2.3845000000000005
4.097200000000001
6.377599999999994
8.703099999999997
11.056999999999995
13.60189999999999
16.357200000000006
18.843799999999998
19.348200000000006
