3.0622999999999956
3.013100000000002
2.943699999999999
2.8971999999999998
3.1326999999999994
3.3453999999999984
3.2974999999999977
3.2513000000000014
3.2198
3.1411000000000024
3.143699999999999
3.078500000000001
3.0310000000000006
2.9327999999999967
2.7168000000000028
2.629500000000001
2.531899999999998
2.401300000000001
2.3644
2.1536
1.9700999999999969
1.7730999999999997
1.6238000000000001
1.7139000000000015
1.5653000000000001
1.264699999999999
1.288800000000001
1.3476999999999988
1.7158000000000007
2.0811000000000024
2.362900000000001
2.4834000000000023
2.4951999999999974
3.1203999999999956
3.7464000000000053
3.8603000000000054
4.163300000000003
4.913400000000001
5.984
6.9054000000000055
7.294800000000013
7.339800000000007
7.330700000000013
7.411400000000001
7.596399999999992
7.590300000000005
7.381900000000008
7.356699999999994
7.579099999999994
7.935899999999996
8.276400000000006
8.622299999999994
8.755899999999993
8.514800000000001
8.025900000000007
7.812400000000008
7.851900000000011
7.806999999999997
7.416699999999999
6.785600000000002
6.445200000000007
6.426700000000007
6.499599999999994
6.517600000000002
6.328500000000004
6.170599999999993
6.1359999999999975
6.121300000000007
5.956600000000001
5.576700000000001
5.093599999999999
4.469699999999999
3.9823000000000053
3.303600000000001
2.904000000000001
2.9362999999999975
3.178800000000004
3.211400000000003
3.1670000000000034
3.401400000000004
3.926599999999997
4.234700000000002
4.236899999999999
4.2044999999999995
4.474699999999999
4.928300000000007
5.2566999999999915
5.318199999999996
5.314200000000002
5.428500000000003
5.4871
5.432000000000004
5.333699999999997
5.322199999999999
5.333200000000005
5.321200000000004
5.1724
5.0512
5.068800000000007
4.9942999999999955
4.591199999999995
4.2044999999999995
4.079699999999997
4.1193000000000035
4.0569999999999995
3.8589000000000038
3.737400000000002
3.7723000000000004
3.7067000000000014
3.251500000000002
2.6851999999999987
2.120099999999997
1.8173999999999997
1.5376
1.4129000000000003
1.3461
1.249699999999998
0.995299999999999
0.8238999999999996
0.8154999999999996
0.8306999999999995
0.8544999999999997
0.8623999999999993
0.9094999999999992
1.1108000000000007
1.4833999999999987
1.8874999999999975
2.221400000000001
2.319399999999999
2.3272000000000013
2.3187000000000015
2.3580999999999963
2.3465999999999987
2.264300000000002
2.2337
2.2162000000000015
2.3451999999999975
2.735900000000002
3.0503
3.0961000000000016
3.021099999999999
3.0393000000000003
3.3247999999999998
3.5023000000000026
3.5077999999999996
3.5341000000000014
3.5116999999999954
3.4227000000000007
3.3948000000000036
3.4241999999999995
3.476900000000005
3.411400000000003
3.3306000000000004
3.300000000000003
3.2536999999999985
3.241700000000003
3.196599999999999
2.913500000000002
2.546100000000001
2.4285999999999976
2.427399999999996
2.3351999999999986
1.944499999999999
1.6481999999999997
1.7600000000000005
1.9172999999999996
2.099800000000002
2.3563
2.6393
2.712800000000004
2.7785
2.797499999999997
2.7318000000000007
2.7132999999999963
2.8590000000000004
3.1015999999999986
3.2968999999999973
3.3389999999999977
3.2770999999999995
3.2586999999999975
3.2120000000000037
3.157700000000002
3.1362
3.1374000000000013
3.1337
3.1189999999999998
3.127200000000002
3.0762999999999985
2.975099999999997
2.8800999999999966
2.6620000000000035
2.5727
2.616099999999999
2.643299999999998
2.517199999999997
2.272000000000002
2.030299999999996
1.963699999999999
1.9602000000000008
1.9368999999999996
1.9386000000000014
2.041599999999999
2.201299999999995
2.5144
2.6803999999999997
2.6816000000000004
2.6980999999999975
2.742300000000003
2.7675000000000005
2.7871000000000032
2.760499999999999
2.6027000000000022
2.4197999999999995
2.3460000000000036
2.3461999999999983
2.4302999999999964
2.625300000000003
2.8256999999999977
2.9065999999999983
2.9173000000000004
2.999299999999999
3.085199999999999
3.0627000000000013
2.8144999999999976
2.6924
2.869100000000002
3.079799999999999
3.0959999999999988
3.0683000000000016
3.0028999999999972
2.906900000000001
2.8293000000000013
2.7795000000000014
2.6322999999999985
2.5422000000000002
2.5486999999999984
2.4859999999999993
2.380399999999999
2.382099999999998
2.389599999999997
2.2238000000000033
1.9185000000000008
1.6769000000000007
1.6407000000000005
1.6717000000000009
1.6184000000000003
1.444200000000001
1.403399999999999
1.386499999999999
1.3877000000000002
1.372799999999999
1.355300000000001
1.3905
1.4464000000000006
1.5040000000000027
1.531099999999999
1.6275000000000013
1.821600000000001
1.6949999999999994
1.4888999999999986
1.4223000000000012
1.4272000000000007
1.569799999999999
1.6914000000000011
1.7240000000000006
1.7873
1.8773000000000013
2.1892999999999994
2.332400000000001
2.3360000000000047
2.3434999999999984
2.351399999999998
2.4082999999999966
2.3900000000000032
2.365600000000001
2.332999999999996
2.239399999999997
1.947299999999999
1.7835000000000019
1.7784999999999995
1.7785999999999995
1.7322000000000004
1.7684000000000006
1.7604000000000009
1.7915999999999987
1.9695999999999991
2.093099999999998
1.987300000000003
1.9452999999999998
2.2011000000000003
2.650600000000003
2.667900000000001
2.6111999999999966
2.6529000000000025
2.673799999999998
2.6588999999999974
2.6876999999999986
2.845900000000001
2.9922000000000004
3.003100000000003
2.9607999999999968
2.956000000000003
3.0428999999999986
3.3048999999999995
3.3974999999999977
3.206099999999995
3.043499999999999
3.0976000000000004
3.2452000000000036
3.2517999999999994
3.0041000000000038
2.9722000000000026
2.8719999999999968
2.712700000000001
2.643899999999999
2.7258999999999975
2.8106000000000018
2.7710000000000012
2.668799999999999
2.6588999999999974
2.773500000000001
3.0447
3.148099999999998
3.0816999999999983
3.2526999999999973
3.370899999999999
3.3611000000000004
3.2923000000000036
3.2579000000000025
3.2725000000000004
3.290499999999996
3.3542000000000014
3.369099999999997
3.502100000000002
3.7123999999999935
4.269400000000001
5.324499999999999
6.35
7.122200000000001
7.434299999999993
7.465100000000002
7.393899999999998
7.146600000000003
6.8277999999999945
6.3070000000000075
5.862900000000004
5.471100000000007
5.3371999999999975
5.371899999999997
5.438200000000004
5.336200000000002
4.72689999999999
4.356099999999996
4.287099999999999
4.236600000000001
4.209099999999999
3.9754999999999985
3.5647000000000038
3.115899999999999
3.064800000000001
3.3747000000000025
3.3272999999999997
3.2756000000000007
3.196400000000005
3.0345000000000013
2.851799999999999
2.6589000000000027
2.6553999999999967
2.728799999999998
2.7832999999999997
2.7909000000000015
2.7832999999999997
2.8461000000000016
2.8032000000000004
2.482899999999999
1.912999999999998
1.5796999999999977
1.4663999999999984
1.4656000000000002
1.5696999999999988
1.5838000000000019
1.5778999999999987
1.4631999999999978
1.2678999999999996
1.1991
1.3002999999999987
1.4678999999999998
1.6333999999999986
1.6969000000000012
1.6958000000000002
1.6630000000000007
1.7018000000000004
1.7878000000000005
1.7752999999999992
1.774500000000001
1.8970999999999987
1.8879000000000006
1.8145999999999995
1.8208000000000002
1.8511000000000029
1.876899999999998
1.9618999999999969
2.0327000000000037
2.0479000000000025
2.082099999999998
2.1274999999999986
2.0320000000000005
1.9098999999999977
2.0193000000000016
2.0618000000000025
2.0710000000000006
2.0769999999999955
2.083299999999999
2.1157999999999957
2.116499999999999
2.0446999999999993
2.0540000000000003
2.1844999999999946
2.2562000000000024
2.2397
2.3652000000000006
2.536499999999997
2.8312000000000004
3.0722000000000027
3.122199999999997
3.0770000000000017
3.258999999999995
3.386800000000001
3.3579999999999997
3.3588000000000005
3.3943999999999974
3.437899999999999
3.410000000000002
3.366799999999998
3.3299999999999996
3.270200000000001
3.2658999999999994
3.1381999999999968
2.9915000000000025
2.9901999999999984
2.959700000000004
2.87
2.651800000000004
2.427800000000002
2.417199999999997
2.508899999999997
2.1791000000000005
1.9216000000000037
2.065299999999998
2.2134000000000045
2.332600000000001
2.3290000000000033
2.3366
2.3861999999999997
2.3953
2.398900000000004
2.3880000000000012
2.3820000000000006
2.3401000000000005
2.2484999999999977
2.0759000000000025
1.883500000000002
1.652300000000001
1.5879000000000003
1.6191999999999984
1.6050999999999982
1.5871999999999997
1.589399999999999
1.594000000000001
1.5929000000000026
1.5861000000000014
1.5875
1.5678000000000025
1.530999999999999
1.5186000000000006
1.5494000000000008
1.6344999999999998
1.6691000000000011
1.6313999999999995
1.4848
1.4088000000000016
1.391500000000001
1.3624999999999998
1.2733999999999996
1.2076000000000002
1.1938999999999977
1.1077000000000004
1.2245000000000006
1.2491000000000003
1.1519000000000001
1.075200000000001
0.8119999999999988
0.5697000000000008
0.15119999999999856
0.11729999999999796
0.5670000000000008
0.7983999999999991
0.703100000000001
